9
9
15
18
21
13
0
4
10
19
17
12
6
20
11
16
5
2
3
14
8
7
1
1
15
13
21
18
0
10
4
9
19
12
17
6
11
20
16
2
5
3
8
14
7
7
0
13
4
18
15
21
9
10
8
1
3
2
14
16
11
5
6
12
20
17
19
19
0
17
21
4
15
10
9
18
13
12
3
7
5
16
14
20
6
2
11
1
8
8
0
19
21
10
15
4
13
9
17
14
3
1
5
7
11
2
6
16
20
18
12
12
0
6
21
19
15
17
9
13
18
4
14
10
5
8
11
3
20
2
1
7
16
16
0
12
21
17
15
19
9
4
7
18
14
13
5
1
11
8
20
3
6
10
2
2
0
20
21
12
15
6
9
11
7
8
18
10
3
5
13
19
4
17
16
1
14
14
0
11
21
6
15
12
9
20
7
13
8
4
2
18
5
10
17
1
19
16
3
3
0
16
21
20
15
11
9
12
7
4
1
18
19
2
13
10
6
14
17
8
5
5
0
2
21
11
15
20
9
6
7
10
1
13
16
18
17
3
19
8
12
14
4
4
0
5
21
16
15
2
9
14
18
7
19
13
1
17
10
20
12
8
6
3
11
11
0
3
21
5
15
16
9
2
7
12
18
1
10
13
20
4
19
14
6
8
17
17
0
14
21
2
15
5
9
16
7
20
13
11
18
3
4
8
10
12
19
1
6
6
0
8
21
3
15
14
9
7
2
10
11
4
12
5
19
18
20
1
16
17
13
13
17
4
21
0
15
3
9
8
19
7
14
1
12
2
16
10
18
11
6
5
20
20
0
7
21
14
15
8
9
3
13
2
19
10
16
6
17
11
12
1
4
5
18
18
6
13
3
10
21
8
15
1
20
19
5
4
16
12
11
14
2
17
7
9
0
0
1
2
4
6
18
16
19
20
8
3
17
5
11
10
14
12
13
7
15
9
21
21
1
0
18
9
5
12
10
7
17
2
20
14
11
19
6
4
3
16
8
13
15
15
0
9
1
21
7
6
19
3
18
8
2
12
16
4
11
13
14
5
17
20
10
10
0
21
15
7
3
12
4
20
5
14
19
11
17
18
2
8
16
13
6
1
9
