8
8
7
16
18
17
21
5
20
13
1
14
4
12
6
9
2
15
0
11
3
10
19
19
7
17
18
16
21
20
5
8
13
14
1
4
6
12
9
15
2
0
3
11
10
10
21
17
5
16
7
18
8
20
3
19
0
15
11
9
6
2
4
14
12
1
13
13
21
1
18
5
7
20
8
16
17
14
0
10
2
9
11
12
4
15
6
19
3
3
21
13
18
20
7
5
17
8
1
11
0
19
2
10
6
15
4
9
12
16
14
14
21
4
18
13
7
1
8
17
16
5
11
20
2
3
6
0
12
15
19
10
9
9
21
14
18
1
7
13
8
5
10
16
11
17
2
19
6
3
12
0
4
20
15
15
21
12
18
14
7
4
8
6
10
3
16
20
0
2
17
13
5
1
9
19
11
11
21
6
18
4
7
14
8
12
10
17
3
5
15
16
2
20
1
19
13
9
0
0
21
9
18
12
7
6
8
14
10
5
19
16
13
15
17
20
4
11
1
3
2
2
21
15
18
6
7
12
8
4
10
20
19
17
9
16
1
0
13
3
14
11
5
5
21
2
18
9
7
15
8
11
16
10
13
17
19
1
20
12
14
3
4
0
6
6
21
0
18
2
7
9
8
15
10
14
16
19
20
17
12
5
13
11
4
3
1
1
21
11
18
15
7
2
8
9
10
12
17
6
16
0
5
3
20
14
13
19
4
4
21
3
18
0
7
11
8
10
15
20
6
5
14
2
13
16
12
19
9
1
17
17
1
5
18
21
7
0
8
3
13
10
11
19
14
15
9
20
16
6
4
2
12
12
21
10
18
11
7
3
8
0
17
15
13
20
9
4
1
6
14
19
5
2
16
16
4
17
0
20
18
3
7
19
12
13
2
5
9
14
6
11
15
1
10
8
21
21
19
15
5
4
16
9
13
12
3
0
1
2
6
20
11
14
17
10
7
8
18
18
19
21
16
8
2
14
20
10
1
15
12
11
6
13
4
5
0
9
3
17
7
7
21
8
19
18
10
4
13
0
16
3
15
14
9
5
6
17
11
2
1
12
20
20
21
18
7
10
0
14
5
12
2
11
13
6
1
16
15
3
9
17
4
19
8
