6
6
19
1
10
17
5
8
14
0
13
7
18
11
3
12
2
15
16
9
4
4
5
17
18
9
8
3
6
14
12
19
0
2
1
13
15
10
7
16
11
11
16
17
3
9
5
12
4
8
2
6
0
15
19
7
1
14
18
10
13
13
16
5
18
4
14
3
19
8
12
6
7
2
10
0
9
1
11
15
17
17
16
8
11
6
5
3
4
0
12
1
7
15
14
13
2
9
10
19
18
18
16
14
11
9
0
4
6
8
15
1
3
2
19
12
17
13
10
5
7
7
9
17
11
4
13
12
10
8
16
6
18
2
5
15
0
14
1
19
3
3
16
0
11
19
5
2
4
7
12
8
13
9
18
6
10
1
17
14
15
15
9
14
16
19
13
3
1
8
4
10
18
12
5
11
17
7
6
2
0
0
16
13
11
1
5
4
19
14
2
17
12
15
8
18
7
3
10
6
9
9
16
7
4
1
18
19
6
11
10
3
17
15
2
12
14
5
13
0
8
8
9
13
4
17
2
14
6
3
15
5
16
1
12
7
19
11
18
0
10
10
16
18
15
6
12
13
19
2
3
5
14
4
11
8
17
9
7
0
1
1
16
3
11
5
9
6
4
12
0
17
19
15
13
8
7
10
2
18
14
14
9
11
2
8
0
19
10
12
3
7
17
6
13
1
4
16
15
18
5
5
6
17
4
9
12
11
0
7
8
1
2
16
10
15
3
18
13
14
19
19
16
12
9
3
14
17
8
6
15
7
11
13
18
1
0
5
10
4
2
2
13
17
1
9
19
4
15
11
12
18
3
8
10
14
7
5
0
6
16
16
4
3
0
18
17
10
11
14
8
5
19
9
2
7
13
6
1
15
12
12
16
2
11
7
14
10
9
15
4
18
8
19
17
0
3
13
5
1
6
