1
1
13
20
21
11
0
2
6
8
12
3
5
10
14
9
19
7
17
15
18
16
4
4
13
11
21
20
0
6
2
1
8
3
12
5
14
10
9
7
19
17
18
15
16
16
0
11
2
20
13
21
1
6
18
4
17
7
15
9
14
19
5
3
10
12
8
8
0
12
21
2
13
6
1
20
11
3
17
16
19
9
15
10
5
7
14
4
18
18
0
8
21
6
13
2
11
1
12
15
17
4
19
16
14
7
5
9
10
20
3
3
0
5
21
8
13
12
1
11
20
2
15
6
19
18
14
17
10
7
4
16
9
9
0
3
21
12
13
8
1
2
16
20
15
11
19
4
14
18
10
17
5
6
7
7
0
10
21
3
13
5
1
14
16
18
20
6
17
19
11
8
2
12
9
4
15
15
0
14
21
5
13
3
1
10
16
11
18
2
7
20
19
6
12
4
8
9
17
17
0
9
21
10
13
14
1
3
16
2
4
20
8
7
11
6
5
15
12
18
19
19
0
7
21
14
13
10
1
5
16
6
4
11
9
20
12
17
8
18
3
15
2
2
0
19
21
9
13
7
1
15
20
16
8
11
4
12
6
10
3
18
5
17
14
14
0
17
21
19
13
9
1
7
16
3
20
4
6
11
10
2
8
15
5
18
12
12
0
15
21
7
13
19
1
9
16
10
11
14
20
17
2
18
6
3
8
4
5
5
0
18
21
17
13
15
1
16
7
6
14
2
3
19
8
20
10
4
9
12
11
11
12
2
21
0
13
17
1
18
8
16
15
4
3
7
9
6
20
14
5
19
10
10
0
16
21
15
13
18
1
17
11
7
8
6
9
5
12
14
3
4
2
19
20
20
5
11
17
6
21
18
13
4
10
8
19
2
9
3
14
15
7
12
16
1
0
0
4
7
2
5
20
9
8
10
18
17
12
19
14
6
15
3
11
16
13
1
21
21
4
0
20
1
19
3
6
16
12
7
10
15
14
8
5
2
17
9
18
11
13
13
0
1
4
21
16
5
8
17
20
18
7
3
9
2
14
11
15
19
12
10
6
6
0
21
13
16
17
3
2
10
19
15
8
14
12
20
7
18
9
11
5
4
1
