2
2
5
17
4
18
1
12
6
10
11
15
13
8
9
16
14
3
0
7
19
19
1
18
13
7
12
9
2
6
16
5
10
14
17
11
3
4
15
0
8
8
0
18
9
7
1
16
19
12
14
2
10
3
5
15
17
6
13
4
11
11
0
1
13
19
6
9
5
12
16
2
15
14
4
10
7
17
8
3
18
18
0
12
8
2
1
9
19
10
16
17
15
3
6
11
14
7
4
5
13
13
0
6
8
7
10
19
2
12
3
17
9
14
5
16
18
11
4
1
15
15
7
18
8
19
11
16
4
12
0
2
13
14
1
3
10
6
17
5
9
9
0
10
8
5
1
14
19
15
16
12
11
7
13
2
4
17
18
6
3
3
7
6
0
5
11
9
17
12
19
4
13
16
1
8
18
15
2
14
10
10
0
11
8
17
1
19
5
6
14
18
16
3
12
13
15
9
4
2
7
7
0
15
19
17
13
5
2
8
4
9
18
3
14
16
6
1
11
10
12
12
7
11
19
18
14
6
2
9
3
1
0
17
16
15
5
8
13
10
4
4
0
13
3
2
16
11
5
14
9
1
6
19
8
12
18
7
15
10
17
17
0
9
8
1
7
2
19
16
10
18
5
3
11
12
15
4
14
13
6
6
7
8
14
12
10
5
4
16
9
15
18
2
11
17
19
0
3
13
1
1
2
18
19
7
16
8
10
15
12
17
14
0
4
3
9
13
11
6
5
5
0
16
7
9
6
18
12
2
3
15
8
11
13
17
10
1
4
19
14
14
11
18
17
7
5
19
3
8
16
13
9
12
4
6
15
1
10
2
0
0
19
9
10
13
18
4
8
6
12
1
5
7
14
15
11
2
17
3
16
16
0
14
8
15
6
4
7
3
19
13
12
5
18
10
9
11
1
17
2
