20
20
17
18
21
1
0
19
11
6
5
10
12
16
2
15
13
3
4
9
8
7
14
14
17
1
21
18
0
11
19
20
6
10
5
12
2
16
15
3
13
4
8
9
7
7
0
1
19
18
17
21
20
11
8
14
4
3
9
15
2
13
12
10
16
5
6
6
0
5
21
19
17
11
20
18
1
10
4
7
13
15
9
16
12
3
2
14
8
8
0
6
21
11
17
19
1
20
5
9
4
14
13
7
2
3
12
15
16
18
10
10
0
12
21
6
17
5
20
1
18
19
9
11
13
8
2
4
16
3
14
7
15
15
0
10
21
5
17
6
20
19
7
18
9
1
13
14
2
8
16
4
12
11
3
3
0
16
21
10
17
12
20
2
7
8
18
11
4
13
1
6
19
5
15
14
9
9
0
2
21
12
17
10
20
16
7
1
8
19
3
18
13
11
5
14
6
15
4
4
0
15
21
16
17
2
20
10
7
19
14
18
6
3
1
11
12
9
5
8
13
13
0
3
21
2
17
16
20
12
7
11
14
1
15
18
5
4
6
8
10
9
19
19
0
13
21
15
17
3
20
9
18
7
6
1
14
5
11
16
10
8
12
4
2
2
0
4
21
13
17
15
20
3
7
10
18
14
11
1
16
19
6
9
12
8
5
5
0
9
21
3
17
13
20
15
7
16
1
2
18
4
19
8
11
10
6
14
12
12
0
8
21
4
17
9
20
7
3
11
2
19
10
13
6
18
16
14
15
5
1
1
5
19
21
0
17
4
20
8
6
7
9
14
10
3
15
11
18
2
12
13
16
16
0
7
21
9
17
8
20
4
1
3
6
11
15
12
5
2
10
14
19
13
18
18
12
1
4
11
21
8
17
14
16
6
13
19
15
10
2
9
3
5
7
20
0
0
14
3
19
12
18
15
6
16
8
4
5
13
2
11
9
10
1
7
17
20
21
21
14
0
18
20
13
10
11
7
5
3
16
9
2
6
12
19
4
15
8
1
17
17
0
20
14
21
7
12
6
4
18
8
3
10
15
19
2
1
9
13
5
16
11
11
0
21
17
7
4
10
19
16
13
9
6
2
5
18
3
8
15
1
12
14
20
