19
19
3
9
15
13
21
11
10
4
20
6
8
18
5
17
14
16
2
1
12
7
0
0
3
13
15
9
21
10
11
19
4
6
20
8
5
18
17
16
14
2
12
1
7
7
21
13
11
9
3
15
19
10
12
0
2
16
1
17
5
14
8
6
18
20
4
4
21
20
15
11
3
10
19
9
13
6
2
7
14
17
1
18
8
16
5
0
12
12
21
4
15
10
3
11
13
19
20
1
2
0
14
7
5
16
8
17
18
9
6
6
21
8
15
4
3
20
19
13
9
11
1
10
14
12
5
2
18
16
0
7
17
17
21
6
15
20
3
4
19
11
7
9
1
13
14
0
5
12
18
2
8
10
16
16
21
18
15
6
3
8
19
5
7
12
9
10
2
14
13
4
11
20
17
0
1
1
21
5
15
8
3
6
19
18
7
13
12
11
16
9
14
10
20
0
4
17
2
2
21
17
15
18
3
5
19
6
7
11
0
9
4
16
13
10
8
1
20
12
14
14
21
16
15
5
3
18
19
8
7
10
0
13
17
9
20
2
4
12
6
1
11
11
21
14
15
17
3
16
19
1
9
7
4
13
0
20
10
18
6
12
8
2
5
5
21
2
15
14
3
17
19
16
7
6
9
0
10
13
18
11
4
1
8
12
20
20
21
1
15
16
3
14
19
17
7
18
13
5
9
2
11
12
10
6
4
0
8
8
21
12
15
2
3
1
19
7
16
10
5
11
6
14
4
9
18
0
17
20
13
13
20
11
15
21
3
2
19
12
4
7
1
0
6
16
17
10
9
5
8
14
18
18
21
7
15
1
3
12
19
2
13
16
4
10
17
8
20
5
6
0
11
14
9
9
8
13
2
10
15
12
3
0
18
4
14
11
17
6
5
1
16
20
7
19
21
21
0
16
11
8
9
17
4
18
12
2
20
14
5
10
1
6
13
7
3
19
15
15
0
21
9
19
14
6
10
7
20
16
18
1
5
4
8
11
2
17
12
13
3
3
21
19
0
15
7
8
4
2
9
12
16
6
17
11
5
13
1
14
20
18
10
10
21
15
3
7
2
6
11
18
14
1
4
5
20
9
16
12
17
13
8
0
19
