6
6
2
13
17
11
5
18
7
16
3
9
15
1
4
14
10
12
19
0
8
8
5
11
15
0
18
4
6
7
14
2
16
10
13
3
12
17
9
19
1
1
19
11
4
0
5
14
8
18
10
6
16
12
2
9
13
7
15
17
3
3
19
5
15
8
7
4
2
18
14
6
9
10
17
16
0
13
1
12
11
11
19
18
1
6
5
4
8
16
14
13
9
12
7
3
10
0
17
2
15
15
19
7
1
0
16
8
6
18
12
13
4
10
2
14
11
3
17
5
9
9
0
11
1
8
3
14
17
18
19
6
15
10
5
12
16
7
13
2
4
4
19
16
1
2
5
10
8
9
14
18
3
0
15
6
17
13
11
7
12
12
0
7
19
2
3
4
13
18
8
17
15
14
5
1
11
9
6
10
16
16
19
3
1
13
5
8
2
7
10
11
14
12
18
15
9
4
17
6
0
0
19
9
8
13
15
2
6
1
17
4
11
12
10
14
7
5
3
16
18
18
0
3
8
11
10
7
6
4
12
5
19
13
14
9
2
1
15
16
17
17
19
15
12
6
14
3
2
10
4
5
7
8
1
18
11
0
9
16
13
13
19
4
1
5
0
6
8
14
16
11
2
12
3
18
9
17
10
15
7
7
0
1
10
18
16
2
17
14
4
9
11
6
3
13
8
19
12
15
5
5
6
11
8
0
14
1
16
9
18
13
10
19
17
12
4
15
3
7
2
2
19
14
0
4
7
11
18
6
12
9
1
3
15
13
16
5
17
8
10
10
3
11
13
0
2
8
12
1
14
15
4
18
17
7
9
5
16
6
19
19
8
4
16
15
11
17
1
7
18
5
2
0
10
9
3
6
13
12
14
14
19
10
1
9
7
17
0
12
8
15
18
2
11
16
4
3
5
13
6
