11
11
1
16
0
8
21
5
10
9
3
14
19
17
13
7
20
12
18
6
4
15
2
2
1
8
0
16
21
10
5
11
9
14
3
19
13
17
7
12
20
18
4
6
15
15
21
8
5
16
1
0
11
10
4
2
18
12
6
7
13
20
19
14
17
3
9
9
21
3
0
5
1
10
11
16
8
14
18
15
20
7
6
17
19
12
13
2
4
4
21
9
0
10
1
5
8
11
3
6
18
2
20
15
13
12
19
7
17
16
14
14
21
19
0
9
1
3
11
8
16
5
6
10
20
4
13
18
17
12
2
15
7
7
21
14
0
3
1
9
11
5
15
16
6
8
20
2
13
4
17
18
19
10
12
12
21
17
0
14
1
19
11
13
15
4
16
10
18
20
8
9
5
3
7
2
6
6
21
13
0
19
1
14
11
17
15
8
4
5
12
16
20
10
3
2
9
7
18
18
21
7
0
17
1
13
11
14
15
5
2
16
9
12
8
10
19
6
3
4
20
20
21
12
0
13
1
17
11
19
15
10
2
8
7
16
3
18
9
4
14
6
5
5
21
20
0
7
1
12
11
6
16
15
9
8
2
3
10
17
14
4
19
18
13
13
21
18
0
20
1
7
11
12
15
14
16
2
10
8
17
5
9
6
19
4
3
3
21
6
0
12
1
20
11
7
15
17
8
13
16
18
5
4
10
14
9
2
19
19
21
4
0
18
1
6
11
15
12
10
13
5
14
20
9
16
17
2
7
3
8
8
3
5
0
21
1
18
11
4
9
15
6
2
14
12
7
10
16
13
19
20
17
17
21
15
0
6
1
4
11
18
8
12
9
10
7
19
3
13
14
2
5
20
16
16
19
8
18
10
0
4
1
2
17
9
20
5
7
14
13
6
12
3
15
11
21
21
2
12
5
19
16
7
9
17
4
18
3
20
13
10
6
14
8
15
1
11
0
0
2
21
16
11
20
14
10
15
3
12
17
6
13
9
19
5
18
7
4
8
1
1
21
11
2
0
15
19
9
18
16
4
12
14
7
5
13
8
6
20
3
17
10
10
21
0
1
15
18
14
5
17
20
6
9
13
3
16
12
4
7
8
19
2
11
