4
4
14
3
0
16
21
7
9
12
5
19
20
10
18
15
17
2
13
8
11
6
1
1
14
16
0
3
21
9
7
4
12
19
5
20
18
10
15
2
17
13
11
8
6
6
21
16
7
3
14
0
4
9
11
1
13
2
8
15
18
17
20
19
10
5
12
12
21
5
0
7
14
9
4
3
16
19
13
6
17
15
8
10
20
2
18
1
11
11
21
12
0
9
14
7
16
4
5
8
13
1
17
6
18
2
20
15
10
3
19
19
21
20
0
12
14
5
4
16
3
7
8
9
17
11
18
13
10
2
1
6
15
15
21
19
0
5
14
12
4
7
6
3
8
16
17
1
18
11
10
13
20
9
2
2
21
10
0
19
14
20
4
18
6
11
3
9
13
17
16
12
7
5
15
1
8
8
21
18
0
20
14
19
4
10
6
16
11
7
2
3
17
9
5
1
12
15
13
13
21
15
0
10
14
18
4
19
6
7
1
3
12
2
16
9
20
8
5
11
17
17
21
2
0
18
14
10
4
20
6
9
1
16
15
3
5
13
12
11
19
8
7
7
21
17
0
15
14
2
4
8
3
6
12
16
1
5
9
10
19
11
20
13
18
18
21
13
0
17
14
15
4
2
6
19
3
1
9
16
10
7
12
8
20
11
5
5
21
8
0
2
14
17
4
15
6
10
16
18
3
13
7
11
9
19
12
1
20
20
21
11
0
13
14
8
4
6
2
9
18
7
19
17
12
3
10
1
15
5
16
16
5
7
0
21
14
13
4
11
12
6
8
1
19
2
15
9
3
18
20
17
10
10
21
6
0
8
14
11
4
13
16
2
12
9
15
20
5
18
19
1
7
17
3
3
20
16
13
9
0
11
14
1
10
12
17
7
15
19
18
8
2
5
6
4
21
21
1
2
7
20
3
15
12
10
11
13
5
17
18
9
8
19
16
6
14
4
0
0
1
21
3
4
17
19
9
6
5
2
10
8
18
12
20
7
13
15
11
16
14
14
21
4
1
0
6
20
12
13
3
11
2
19
15
7
18
16
8
17
5
10
9
9
21
0
14
6
13
19
7
10
17
8
12
18
5
3
2
11
15
16
20
1
4
