16
16
10
6
0
19
21
9
11
5
20
2
17
14
7
4
15
12
1
18
8
13
3
3
10
19
0
6
21
11
9
16
5
2
20
17
7
14
4
12
15
1
8
18
13
13
21
19
9
6
10
0
16
11
8
3
1
12
18
4
7
15
17
2
14
20
5
5
21
20
0
9
10
11
16
6
19
2
1
13
15
4
18
14
17
12
7
3
8
8
21
5
0
11
10
9
19
16
20
18
1
3
15
13
7
12
17
4
14
6
2
2
21
17
0
5
10
20
16
19
6
9
18
11
15
8
7
1
14
12
3
13
4
4
21
2
0
20
10
5
16
9
13
6
18
19
15
3
7
8
14
1
17
11
12
12
21
14
0
2
10
17
16
7
13
8
6
11
1
15
19
5
9
20
4
3
18
18
21
7
0
17
10
2
16
14
13
19
8
9
12
6
15
11
20
3
5
4
1
1
21
4
0
14
10
7
16
2
13
9
3
6
5
12
19
11
17
18
20
8
15
15
21
12
0
7
10
14
16
17
13
11
3
19
4
6
20
1
5
8
2
18
9
9
21
15
0
4
10
12
16
18
6
13
5
19
3
20
11
14
2
8
17
1
7
7
21
1
0
15
10
4
16
12
13
2
6
3
11
19
14
9
5
18
17
8
20
20
21
18
0
12
10
15
16
4
13
14
19
7
6
1
9
8
11
2
5
3
17
17
21
8
0
1
10
18
16
13
12
11
7
9
2
15
5
6
14
3
4
20
19
19
20
9
0
21
10
1
16
8
5
13
18
3
2
12
4
11
6
7
17
15
14
14
21
13
0
18
10
8
16
1
19
12
5
11
4
17
20
7
2
3
9
15
6
6
17
19
1
11
0
8
10
3
14
5
15
9
4
2
7
18
12
20
13
16
21
21
3
12
9
17
6
4
5
14
8
1
20
15
7
11
18
2
19
13
10
16
0
0
3
21
6
16
15
2
11
13
20
12
14
18
7
5
17
9
1
4
8
19
10
10
21
16
3
0
13
17
5
1
6
8
12
2
4
9
7
19
18
15
20
14
11
11
21
0
10
13
1
2
9
14
15
18
5
7
20
6
12
8
4
19
17
3
16
