4
4
1
17
10
6
21
2
9
14
0
19
7
8
15
20
13
5
12
16
18
3
11
11
1
6
10
17
21
9
2
4
14
19
0
7
15
8
20
5
13
12
18
16
3
3
21
6
2
17
1
10
4
9
18
11
12
5
16
20
15
13
7
19
8
0
14
14
21
0
10
2
1
9
4
17
6
19
12
3
13
20
16
8
7
5
15
11
18
18
21
14
10
9
1
2
6
4
0
16
12
11
13
3
15
5
7
20
8
17
19
19
21
7
10
14
1
0
4
6
17
2
16
9
13
18
15
12
8
5
11
3
20
20
21
19
10
0
1
14
4
2
3
17
16
6
13
11
15
18
8
12
7
9
5
5
21
8
10
19
1
7
4
15
3
18
17
9
12
13
6
14
2
0
20
11
16
16
21
15
10
7
1
19
4
8
3
6
18
2
5
17
13
9
0
11
14
20
12
12
21
20
10
8
1
15
4
19
3
2
11
17
14
5
6
9
7
16
0
18
13
13
21
5
10
15
1
8
4
7
3
9
11
6
20
17
0
12
14
18
19
16
2
2
21
13
10
20
1
5
4
16
17
3
14
6
11
0
9
8
19
18
7
12
15
15
21
12
10
13
1
20
4
5
3
19
17
11
9
6
8
2
14
16
7
18
0
0
21
16
10
5
1
13
4
20
3
8
6
15
17
12
2
18
9
19
14
11
7
7
21
18
10
12
1
16
4
3
5
9
15
2
19
13
14
17
8
11
20
0
6
6
0
2
10
21
1
12
4
18
14
3
16
11
19
5
20
9
17
15
7
13
8
8
21
3
10
16
1
18
4
12
6
5
14
9
20
7
0
15
19
11
2
13
17
17
7
6
12
9
10
18
1
11
8
14
13
2
20
19
15
16
5
0
3
4
21
21
11
5
2
7
17
20
14
8
18
12
0
13
15
9
16
19
6
3
1
4
10
10
11
21
17
4
13
19
9
3
0
5
8
16
15
14
7
2
12
20
18
6
1
1
21
4
11
10
3
7
14
12
17
18
5
19
20
2
15
6
16
13
0
8
9
9
21
10
1
3
12
19
2
8
13
16
14
15
0
17
5
18
20
6
7
11
4
