6
6
1
16
10
7
15
9
18
13
14
17
8
5
2
3
4
11
19
0
12
12
15
7
8
0
9
2
6
18
3
1
13
4
16
14
11
10
17
19
5
5
19
7
2
0
15
3
12
9
4
6
13
11
1
17
16
18
8
10
14
14
19
15
8
12
18
2
1
9
3
6
17
4
10
13
0
16
5
11
7
7
19
9
5
6
15
2
12
13
3
16
17
11
18
14
4
0
10
1
8
8
19
18
5
0
13
12
6
9
11
16
2
4
1
3
7
14
10
15
17
17
0
7
5
12
14
3
10
9
19
6
8
4
15
11
13
18
16
1
2
2
19
13
5
1
15
4
12
17
3
9
14
0
8
6
10
16
7
18
11
11
0
18
19
1
14
2
16
9
12
10
8
3
15
5
7
17
6
4
13
13
19
14
5
16
15
12
1
18
4
7
3
11
9
8
17
2
10
6
0
0
19
17
12
16
8
1
6
5
10
2
7
11
4
3
18
15
14
13
9
9
0
14
12
7
4
18
6
2
11
15
19
16
3
17
1
5
8
13
10
10
19
8
11
6
3
14
1
4
2
15
18
12
5
9
7
0
17
13
16
16
19
2
5
15
0
6
12
3
13
7
1
11
14
9
17
10
4
8
18
18
0
5
4
9
13
1
10
3
2
17
7
6
14
16
12
19
11
8
15
15
6
7
12
0
3
5
13
17
9
16
4
19
10
11
2
8
14
18
1
1
19
3
0
2
18
7
9
6
11
17
5
14
8
16
13
15
10
12
4
4
14
7
16
0
1
12
11
5
3
8
2
9
10
18
17
15
13
6
19
19
12
2
13
8
7
10
5
18
9
15
1
0
4
17
14
6
16
11
3
3
19
4
5
17
18
10
0
11
12
8
9
1
7
13
2
14
15
16
6
