8
8
3
13
12
11
6
15
16
14
10
18
2
1
5
9
7
17
19
0
4
4
6
11
2
0
15
5
8
16
9
3
14
7
13
10
17
12
18
19
1
1
19
11
5
0
6
9
4
15
7
8
14
17
3
18
13
16
2
12
10
10
19
6
2
4
16
5
3
15
9
8
18
7
12
14
0
13
1
17
11
11
19
15
1
8
6
5
4
14
9
13
18
17
16
10
7
0
12
3
2
2
19
16
1
0
14
4
8
15
17
13
5
7
3
9
11
10
12
6
18
18
0
11
1
4
10
9
12
15
19
8
2
7
6
17
14
16
13
3
5
5
19
14
1
3
6
7
4
18
9
15
10
0
2
8
12
13
11
16
17
17
0
16
19
3
10
5
13
15
4
12
2
9
6
1
11
18
8
7
14
14
19
10
1
13
6
4
3
16
7
11
9
17
15
2
18
5
12
8
0
0
19
18
4
13
2
3
8
1
12
5
11
17
7
9
16
6
10
14
15
15
0
10
4
11
7
16
8
5
17
6
19
13
9
18
3
1
2
14
12
12
19
2
17
8
9
10
3
7
5
6
16
4
1
15
11
0
18
14
13
13
19
5
1
6
0
8
4
9
14
11
3
17
10
15
18
12
7
2
16
16
0
1
7
15
14
3
12
9
5
18
11
8
10
13
4
19
17
2
6
6
8
11
4
0
9
1
14
18
15
13
7
19
12
17
5
2
10
16
3
3
19
9
0
5
16
11
15
8
17
18
1
10
2
13
14
6
12
4
7
7
10
11
13
0
3
4
17
1
9
2
5
15
12
16
18
6
14
8
19
19
4
5
14
2
11
12
1
16
15
6
3
0
7
18
10
8
13
17
9
9
19
7
1
18
16
12
0
17
4
2
15
3
11
14
5
10
6
13
8
