12
12
4
13
15
14
16
10
8
5
11
17
6
3
9
18
7
2
0
19
1
1
16
14
6
19
10
9
12
8
18
4
5
7
13
11
2
15
17
0
3
3
0
14
9
19
16
18
1
10
7
12
5
2
4
17
13
8
6
15
11
11
0
16
6
1
8
9
4
10
18
12
17
7
15
5
19
13
3
2
14
14
0
10
3
12
16
9
1
5
18
13
17
2
8
11
7
19
15
4
6
6
0
8
3
19
5
1
12
10
2
13
9
7
4
18
14
11
15
16
17
17
19
14
3
1
11
18
15
10
0
12
6
7
16
2
5
8
13
4
9
9
0
5
3
4
16
7
1
17
18
10
11
19
6
12
15
13
14
8
2
2
19
8
0
4
11
9
13
10
1
15
6
18
16
3
14
17
12
7
5
5
0
11
3
13
16
1
4
8
7
14
18
2
10
6
17
9
15
12
19
19
0
17
1
13
6
4
12
3
15
9
14
2
7
18
8
16
11
5
10
10
19
11
1
14
7
8
12
9
2
16
0
13
18
17
4
3
6
5
15
15
0
6
2
12
18
11
4
7
9
16
8
1
3
10
14
19
17
5
13
13
0
9
3
16
19
12
1
18
5
14
4
2
11
10
17
15
7
6
8
8
19
3
7
10
5
4
15
18
9
17
14
12
11
13
1
0
2
6
16
16
12
14
1
19
18
3
5
17
10
13
7
0
15
2
9
6
11
8
4
4
0
18
19
9
8
14
10
12
2
17
3
11
6
13
5
16
15
1
7
7
11
14
13
19
4
1
2
3
18
6
9
10
15
8
17
16
5
12
0
0
1
9
5
6
14
15
3
8
10
16
4
19
7
17
11
12
13
2
18
18
0
7
3
17
8
15
19
2
1
6
10
4
14
5
9
11
16
13
12
