15
15
8
3
4
1
5
2
11
6
14
9
16
10
17
18
13
7
19
0
12
12
5
1
16
0
2
17
15
11
18
8
6
13
3
14
7
4
9
19
10
10
19
1
17
0
5
18
12
2
13
15
6
7
8
9
3
11
16
4
14
14
19
5
16
12
11
17
8
2
18
15
9
13
4
6
0
3
10
7
1
1
19
2
10
15
5
17
12
6
18
3
9
7
11
14
13
0
4
8
16
16
19
11
10
0
6
12
15
2
7
3
17
13
8
18
1
14
4
5
9
9
0
1
10
12
14
18
4
2
19
15
16
13
5
7
6
11
3
8
17
17
19
6
10
8
5
13
12
9
18
2
14
0
16
15
4
3
1
11
7
7
0
11
19
8
14
17
3
2
12
4
16
18
5
10
1
9
15
13
6
6
19
14
10
3
5
12
8
11
13
1
18
7
2
16
9
17
4
15
0
0
19
9
12
3
16
8
15
10
4
17
1
7
13
18
11
5
14
6
2
2
0
14
12
1
13
11
15
17
7
5
19
3
18
9
8
10
16
6
4
4
19
16
7
15
18
14
8
13
17
5
11
12
10
2
1
0
9
6
3
3
19
17
10
5
0
15
12
18
6
1
8
7
14
2
9
4
13
16
11
11
0
10
13
2
6
8
4
18
17
9
1
15
14
3
12
19
7
16
5
5
15
1
12
0
18
10
6
9
2
3
13
19
4
7
17
16
14
11
8
8
19
18
0
17
11
1
2
15
7
9
10
14
16
3
6
5
4
12
13
13
14
1
3
0
8
12
7
10
18
16
17
2
4
11
9
5
6
15
19
19
12
17
6
16
1
4
10
11
2
5
8
0
13
9
14
15
3
7
18
18
19
13
10
9
11
4
0
7
12
16
2
8
1
6
17
14
5
3
15
