6
6
11
3
18
2
7
9
10
4
15
12
8
14
17
13
5
1
0
19
16
16
7
2
8
19
9
17
6
10
13
11
4
5
3
15
1
18
12
0
14
14
0
2
17
19
7
13
16
9
5
6
4
1
11
12
3
10
8
18
15
15
0
7
8
16
10
17
11
9
13
6
12
5
18
4
19
3
14
1
2
2
0
9
14
6
7
17
16
4
13
3
12
1
10
15
5
19
18
11
8
8
0
10
14
19
4
16
6
9
1
3
17
5
11
13
2
15
18
7
12
12
19
2
14
16
15
13
18
9
0
6
8
5
7
1
4
10
3
11
17
17
0
4
14
11
7
5
16
12
13
9
15
19
8
6
18
3
2
10
1
1
19
10
0
11
15
17
3
9
16
18
8
13
7
14
2
12
6
5
4
4
0
15
14
3
7
16
11
10
5
2
13
1
9
8
12
17
18
6
19
19
0
12
16
3
8
11
6
14
18
17
2
1
5
13
10
7
15
4
9
9
19
15
16
2
5
10
6
17
1
7
0
3
13
12
11
14
8
4
18
18
0
8
1
6
13
15
11
5
17
7
10
16
14
9
2
19
12
4
3
3
0
17
14
7
19
6
16
13
4
2
11
1
15
9
12
18
5
8
10
10
19
14
5
9
4
11
18
13
17
12
2
6
15
3
16
0
1
8
7
7
6
2
16
19
13
14
4
12
9
3
5
0
18
1
17
8
15
10
11
11
0
13
19
17
10
2
9
6
1
12
14
15
8
3
4
7
18
16
5
5
15
2
3
19
11
16
1
14
13
8
17
9
18
10
12
7
4
6
0
0
16
17
4
8
2
18
14
10
9
7
11
19
5
12
15
6
3
1
13
13
0
5
14
12
10
18
19
1
16
8
9
11
2
4
17
15
7
3
6
