12
12
4
13
18
10
16
3
17
7
8
9
1
11
5
2
15
19
0
14
6
6
16
10
1
14
3
5
12
17
2
4
7
15
13
8
19
18
9
0
11
11
0
10
5
14
16
2
6
3
15
12
7
19
4
9
13
17
1
18
8
8
0
16
1
6
17
5
4
3
2
12
9
15
18
7
14
13
11
19
10
10
0
3
11
12
16
5
6
7
2
13
9
19
17
8
15
14
18
4
1
1
0
17
11
14
7
6
12
3
19
13
5
15
4
2
10
8
18
16
9
9
14
10
11
6
8
2
18
3
0
12
1
15
16
19
7
17
13
4
5
5
0
7
11
4
16
15
6
9
2
3
8
14
1
12
18
13
10
17
19
19
14
17
0
4
8
5
13
3
6
18
1
2
16
11
10
9
12
15
7
7
0
8
11
13
16
6
4
17
15
10
2
19
3
1
9
5
18
12
14
14
0
9
6
13
1
4
12
11
18
5
10
19
15
2
17
16
8
7
3
3
14
8
6
10
15
17
12
5
19
16
0
13
2
9
4
11
1
7
18
18
0
1
19
12
2
8
4
15
5
16
17
6
11
3
10
14
9
7
13
13
0
5
11
16
14
12
6
2
7
10
4
19
8
3
9
18
15
1
17
17
14
11
15
3
7
4
18
2
5
9
10
12
8
13
6
0
19
1
16
16
12
10
6
14
2
11
7
9
3
13
15
0
18
19
5
1
8
17
4
4
0
2
14
5
17
10
3
12
19
9
11
8
1
13
7
16
18
6
15
15
8
10
13
14
4
6
19
11
2
1
5
3
18
17
9
16
7
12
0
0
6
5
7
1
10
18
11
17
3
16
4
14
15
9
8
12
13
19
2
2
0
15
11
9
17
18
14
19
6
1
3
4
10
7
5
8
16
13
12
