5
5
10
6
15
1
21
14
16
17
13
9
8
12
3
4
19
20
7
11
0
2
18
18
10
1
15
6
21
16
14
5
17
9
13
8
3
12
4
20
19
7
0
11
2
2
21
1
14
6
10
15
5
16
0
18
7
20
11
4
3
19
8
9
12
13
17
17
21
13
15
14
10
16
5
6
1
9
7
2
19
4
11
12
8
20
3
18
0
0
21
17
15
16
10
14
1
5
13
11
7
18
19
2
3
20
8
4
12
6
9
9
21
8
15
17
10
13
5
1
6
14
11
16
19
0
3
7
12
20
18
2
4
4
21
9
15
13
10
17
5
14
2
6
11
1
19
18
3
0
12
7
8
16
20
20
21
12
15
9
10
8
5
3
2
0
6
16
7
19
1
17
14
13
4
18
11
11
21
3
15
8
10
9
5
12
2
1
0
14
20
6
19
16
13
18
17
4
7
7
21
4
15
12
10
3
5
9
2
14
18
6
17
20
1
16
8
11
13
0
19
19
21
20
15
3
10
12
5
8
2
16
18
1
4
6
13
7
17
0
9
11
14
14
21
19
15
4
10
20
5
11
6
2
17
1
18
13
16
12
9
0
8
7
3
3
21
7
15
19
10
4
5
20
2
9
6
18
16
1
12
14
17
11
8
0
13
13
21
11
15
20
10
19
5
4
2
12
1
3
6
7
14
0
16
9
17
18
8
8
21
0
15
7
10
11
5
2
20
16
3
14
9
19
17
6
12
18
4
13
1
1
13
14
15
21
10
7
5
0
17
2
11
18
9
20
4
16
6
3
8
19
12
12
21
2
15
11
10
0
5
7
1
20
17
16
4
8
13
3
9
18
14
19
6
6
8
1
7
16
15
0
10
18
12
17
19
14
4
9
3
11
20
13
2
5
21
21
18
20
14
8
6
4
17
12
0
7
13
19
3
16
11
9
1
2
10
5
15
15
18
21
6
5
19
9
16
2
13
20
12
11
3
17
8
14
7
4
0
1
10
10
21
5
18
15
2
8
17
7
6
0
20
9
4
14
3
1
11
19
13
12
16
16
21
15
10
2
7
9
14
12
19
11
17
3
13
6
20
0
4
1
8
18
5
