4
4
13
9
2
7
1
16
15
10
11
5
0
8
12
6
18
3
19
17
14
14
1
7
0
17
16
12
4
15
6
13
10
18
9
11
3
2
5
19
8
8
19
7
12
17
1
6
14
16
18
4
10
3
13
5
9
15
0
2
11
11
19
1
0
14
15
12
13
16
6
4
5
18
2
10
17
9
8
3
7
7
19
16
8
4
1
12
14
10
6
9
5
3
15
11
18
17
2
13
0
0
19
15
8
17
10
14
4
16
3
9
12
18
13
6
7
11
2
1
5
5
17
7
8
14
11
6
2
16
19
4
0
18
1
3
10
15
9
13
12
12
19
10
8
13
1
18
14
5
6
16
11
17
0
4
2
9
7
15
3
3
17
15
19
13
11
12
9
16
14
2
0
6
1
8
7
5
4
18
10
10
19
11
8
9
1
14
13
15
18
7
6
3
16
0
5
12
2
4
17
17
19
5
14
9
0
13
4
8
2
12
7
3
18
6
15
1
11
10
16
16
17
11
14
7
18
15
4
12
3
1
19
9
6
5
13
8
0
10
2
2
19
0
3
4
6
11
13
18
12
1
15
14
8
16
7
17
5
10
9
9
19
12
8
1
17
4
14
6
10
7
13
3
11
16
5
2
18
0
15
15
17
8
18
16
10
13
2
6
12
5
7
4
11
9
14
19
3
0
1
1
4
7
14
17
6
8
10
5
16
9
18
19
2
3
12
0
11
15
13
13
19
6
17
12
15
7
16
4
3
5
8
11
0
9
10
1
2
14
18
18
11
7
9
17
13
14
3
8
6
0
12
16
2
15
5
1
10
4
19
19
14
12
10
0
7
2
8
15
16
1
13
17
18
5
11
4
9
3
6
6
19
18
8
5
15
2
17
3
14
0
16
13
7
10
12
11
1
9
4
