11
11
8
7
4
6
0
21
16
19
15
3
1
9
14
13
20
18
5
12
17
10
2
2
8
6
4
7
0
16
21
11
19
3
15
1
14
9
13
18
20
5
17
12
10
10
0
6
21
7
8
4
11
16
17
2
5
18
12
13
14
20
1
3
9
15
19
19
0
15
4
21
8
16
11
7
6
3
5
10
20
13
12
9
1
18
14
2
17
17
0
19
4
16
8
21
6
11
15
12
5
2
20
10
14
18
1
13
9
7
3
3
0
1
4
19
8
15
11
6
7
21
12
16
20
17
14
5
9
18
2
10
13
13
0
3
4
15
8
19
11
21
10
7
12
6
20
2
14
17
9
5
1
16
18
18
0
9
4
3
8
1
11
14
10
17
7
16
5
20
6
19
21
15
13
2
12
12
0
14
4
1
8
3
11
9
10
6
17
21
18
7
20
16
15
2
19
13
5
5
0
13
4
9
8
14
11
3
10
21
2
7
19
18
6
16
1
12
15
17
20
20
0
18
4
14
8
9
11
1
10
16
2
6
13
7
15
5
19
17
3
12
21
21
0
20
4
13
8
18
11
12
7
10
19
6
2
15
16
9
3
17
1
5
14
14
0
5
4
20
8
13
11
18
10
3
7
2
16
6
9
21
19
12
1
17
15
15
0
12
4
18
8
20
11
13
10
9
6
14
7
5
21
17
16
3
19
2
1
1
0
17
4
5
8
12
11
10
18
16
14
21
3
20
19
7
9
2
13
15
6
6
15
21
4
0
8
5
11
17
19
10
12
2
3
18
13
16
7
14
1
20
9
9
0
10
4
12
8
17
11
5
6
18
19
16
13
1
15
14
3
2
21
20
7
7
1
6
5
16
4
17
8
2
9
19
20
21
13
3
14
12
18
15
10
11
0
0
2
18
21
1
7
13
19
9
17
5
15
20
14
16
12
3
6
10
8
11
4
4
2
0
7
11
20
3
16
10
15
18
9
12
14
19
1
21
5
13
17
6
8
8
0
11
2
4
10
1
19
5
7
17
18
3
13
21
14
6
12
20
15
9
16
16
0
4
8
10
5
3
21
9
20
12
19
14
15
7
18
17
13
6
1
2
11
