4
4
5
15
16
9
2
14
3
12
7
11
10
0
17
6
18
1
19
8
13
13
2
9
10
8
14
17
4
3
6
5
12
18
15
7
1
16
11
19
0
0
19
9
17
8
2
6
13
14
18
4
12
1
5
11
15
3
10
16
7
7
19
2
10
13
3
17
5
14
6
4
11
18
16
12
8
15
0
1
9
9
19
14
0
4
2
17
13
12
6
15
11
1
3
7
18
8
16
5
10
10
19
3
0
8
12
13
4
14
1
15
17
18
5
6
9
7
16
2
11
11
8
9
0
13
7
6
16
14
19
4
10
18
2
1
12
3
15
5
17
17
19
12
0
5
2
18
13
11
6
14
7
8
10
4
16
15
9
3
1
1
8
3
19
5
7
17
15
14
13
16
10
6
2
0
9
11
4
18
12
12
19
7
0
15
2
13
5
3
18
9
6
1
14
10
11
17
16
4
8
8
19
11
13
15
10
5
4
0
16
17
9
1
18
6
3
2
7
12
14
14
8
7
13
9
18
3
4
17
1
2
19
15
6
11
5
0
10
12
16
16
19
10
1
4
6
7
5
18
17
2
3
13
0
14
9
8
11
12
15
15
19
17
0
2
8
4
13
6
12
9
5
1
7
14
11
16
18
10
3
3
8
0
18
14
12
5
16
6
17
11
9
4
7
15
13
19
1
10
2
2
4
9
13
8
6
0
12
11
14
15
18
19
16
1
17
10
7
3
5
5
19
6
8
17
3
9
14
4
1
11
0
7
10
15
12
2
16
13
18
18
7
9
15
8
5
13
1
0
6
10
17
14
16
3
11
2
12
4
19
19
13
17
12
10
9
16
0
3
14
2
5
8
18
11
7
4
15
1
6
6
19
18
0
11
3
16
8
1
13
10
14
5
9
12
17
7
2
15
4
