5
5
9
17
0
7
21
4
1
3
14
19
11
15
16
10
18
12
6
20
13
8
2
2
9
7
0
17
21
1
4
5
3
19
14
11
16
15
10
12
18
6
13
20
8
8
21
7
4
17
9
0
5
1
13
2
6
12
20
10
16
18
11
19
15
14
3
3
21
14
0
4
9
1
5
17
7
19
6
8
18
10
20
15
11
12
16
2
13
13
21
3
0
1
9
4
7
5
14
20
6
2
18
8
16
12
11
10
15
17
19
19
21
11
0
3
9
14
5
7
17
4
20
1
18
13
16
6
15
12
2
8
10
10
21
19
0
14
9
3
5
4
8
17
20
7
18
2
16
13
15
6
11
1
12
12
21
15
0
19
9
11
5
16
8
13
17
1
6
18
7
3
4
14
10
2
20
20
21
16
0
11
9
19
5
15
8
7
13
4
12
17
18
1
14
2
3
10
6
6
21
10
0
15
9
16
5
19
8
4
2
17
3
12
7
1
11
20
14
13
18
18
21
12
0
16
9
15
5
11
8
1
2
7
10
17
14
6
3
13
19
20
4
4
21
18
0
10
9
12
5
20
17
8
3
7
2
14
1
15
19
13
11
6
16
16
21
6
0
18
9
10
5
12
8
19
17
2
1
7
15
4
3
20
11
13
14
14
21
20
0
12
9
18
5
10
8
15
7
16
17
6
4
13
1
19
3
2
11
11
21
13
0
6
9
20
5
8
12
1
16
4
19
18
3
17
15
2
10
14
7
7
14
4
0
21
9
6
5
13
3
8
20
2
19
12
10
1
17
16
11
18
15
15
21
8
0
20
9
13
5
6
7
12
3
1
10
11
14
16
19
2
4
18
17
17
11
7
6
1
0
13
9
2
15
3
18
4
10
19
16
20
12
14
8
5
21
21
2
12
4
11
17
10
3
15
13
6
14
18
16
1
20
19
7
8
9
5
0
0
2
21
17
5
18
19
1
8
14
12
15
20
16
3
11
4
6
10
13
7
9
9
21
5
2
0
8
11
3
6
17
13
12
19
10
4
16
7
20
18
14
15
1
1
21
0
9
8
6
19
4
15
18
20
3
16
14
17
12
13
10
7
11
2
5
