14
14
6
1
0
17
21
13
5
10
11
15
9
3
8
12
7
16
2
20
4
18
19
19
6
17
0
1
21
5
13
14
10
15
11
9
8
3
12
16
7
2
4
20
18
18
21
17
13
1
6
0
14
5
4
19
2
16
20
12
8
7
9
15
3
11
10
10
21
11
0
13
6
5
14
1
17
15
2
18
7
12
20
3
9
16
8
19
4
4
21
10
0
5
6
13
17
14
11
20
2
19
7
18
8
16
9
12
3
1
15
15
21
9
0
10
6
11
14
17
1
13
20
5
7
4
8
2
3
16
19
18
12
12
21
15
0
11
6
10
14
13
18
1
20
17
7
19
8
4
3
2
9
5
16
16
21
3
0
15
6
9
14
8
18
4
1
5
2
7
17
10
13
11
12
19
20
20
21
8
0
9
6
15
14
3
18
17
4
13
16
1
7
5
11
19
10
12
2
2
21
12
0
3
6
8
14
15
18
13
19
1
10
16
17
5
9
20
11
4
7
7
21
16
0
8
6
3
14
9
18
5
19
17
12
1
11
2
10
4
15
20
13
13
21
7
0
12
6
16
14
20
1
18
10
17
19
11
5
3
15
4
9
2
8
8
21
2
0
7
6
12
14
16
18
15
1
19
5
17
3
13
10
20
9
4
11
11
21
20
0
16
6
7
14
12
18
3
17
8
1
2
13
4
5
15
10
19
9
9
21
4
0
2
6
20
14
18
16
5
8
13
15
7
10
1
3
19
12
11
17
17
11
13
0
21
6
2
14
4
10
18
20
19
15
16
12
5
1
8
9
7
3
3
21
18
0
20
6
4
14
2
17
16
10
5
12
9
11
8
15
19
13
7
1
1
9
17
2
5
0
4
6
19
3
10
7
13
12
15
8
20
16
11
18
14
21
21
19
16
13
9
1
12
10
3
4
2
11
7
8
5
20
15
17
18
6
14
0
0
19
21
1
14
7
15
5
18
11
16
3
20
8
10
9
13
2
12
4
17
6
6
21
14
19
0
18
9
10
2
1
4
16
15
12
13
8
17
20
7
11
3
5
5
21
0
6
18
2
15
13
3
7
20
10
8
11
1
16
4
12
17
9
19
14
