6
6
5
10
4
17
18
3
12
8
15
11
7
2
13
9
1
16
0
19
14
14
18
17
7
19
3
13
6
12
9
5
8
1
10
15
16
4
11
0
2
2
0
17
13
19
18
9
14
3
1
6
8
16
5
11
10
12
7
4
15
15
0
18
7
14
12
13
5
3
9
6
11
1
4
8
19
10
2
16
17
17
0
3
2
6
18
13
14
8
9
10
11
16
12
15
1
19
4
5
7
7
0
12
2
19
8
14
6
3
16
10
13
1
5
9
17
15
4
18
11
11
19
17
2
14
15
9
4
3
0
6
7
1
18
16
8
12
10
5
13
13
0
8
2
5
18
1
14
11
9
3
15
19
7
6
4
10
17
12
16
16
19
12
0
5
15
13
10
3
14
4
7
9
18
2
17
11
6
1
8
8
0
15
2
10
18
14
5
12
1
17
9
16
3
7
11
13
4
6
19
19
0
11
14
10
7
5
6
2
4
13
17
16
1
9
12
18
15
8
3
3
19
15
14
17
1
12
6
13
16
18
0
10
9
11
5
2
7
8
4
4
0
7
16
6
9
15
5
1
13
18
12
14
2
3
17
19
11
8
10
10
0
13
2
18
19
6
14
9
8
17
5
16
15
3
11
4
1
7
12
12
19
2
1
3
8
5
4
9
13
11
17
6
15
10
14
0
16
7
18
18
6
17
14
19
9
2
8
11
3
10
1
0
4
16
13
7
15
12
5
5
0
9
19
13
12
17
3
6
16
11
2
15
7
10
8
18
4
14
1
1
15
17
10
19
5
14
16
2
9
7
13
3
4
12
11
18
8
6
0
0
14
13
8
7
17
4
2
12
3
18
5
19
1
11
15
6
10
16
9
9
0
1
2
11
12
4
19
16
14
7
3
5
17
8
13
15
18
10
6
