7
7
2
12
5
15
13
16
9
8
18
4
1
6
10
14
11
17
19
0
3
3
13
15
1
0
16
10
7
9
14
2
8
11
12
18
17
5
4
19
6
6
19
15
10
0
13
14
3
16
11
7
8
17
2
4
12
9
1
5
18
18
19
13
1
3
9
10
2
16
14
7
4
11
5
8
0
12
6
17
15
15
19
16
6
7
13
10
3
8
14
12
4
17
9
18
11
0
5
2
1
1
19
9
6
0
8
3
7
16
17
12
10
11
2
14
15
18
5
13
4
4
0
15
6
3
18
14
5
16
19
7
1
11
13
17
8
9
12
2
10
10
19
8
6
2
13
11
3
4
14
16
18
0
1
7
5
12
15
9
17
17
0
9
19
2
18
10
12
16
3
5
1
14
13
6
15
4
7
11
8
8
19
18
6
12
13
3
2
9
11
15
14
17
16
1
4
10
5
7
0
0
19
4
3
12
1
2
7
6
5
10
15
17
11
14
9
13
18
8
16
16
0
18
3
15
11
9
7
10
17
13
19
12
14
4
2
6
1
8
5
5
19
1
17
7
14
18
2
11
10
13
9
3
6
16
15
0
4
8
12
12
19
10
6
13
0
7
3
14
8
15
2
17
18
16
4
5
11
1
9
9
0
6
11
16
8
2
5
14
10
4
15
7
18
12
3
19
17
1
13
13
7
15
3
0
14
6
8
4
16
12
11
19
5
17
10
1
18
9
2
2
19
14
0
10
9
15
16
7
17
4
6
18
1
12
8
13
5
3
11
11
18
15
12
0
2
3
17
6
14
1
10
16
5
9
4
13
8
7
19
19
3
10
8
1
15
5
6
9
16
13
2
0
11
4
18
7
12
17
14
14
19
11
6
4
9
5
0
17
3
1
16
2
15
8
10
18
13
12
7
