6
6
10
3
16
9
8
15
5
13
7
2
1
19
17
14
4
12
0
18
11
11
8
9
1
18
15
17
6
5
14
10
13
4
3
7
12
16
2
0
19
19
0
9
17
18
8
14
11
15
4
6
13
12
10
2
3
5
1
16
7
7
0
8
1
11
5
17
10
15
14
6
2
4
16
13
18
3
19
12
9
9
0
15
19
6
8
17
11
13
14
3
2
12
5
7
4
18
16
10
1
1
0
5
19
18
13
11
6
15
12
3
17
4
10
14
9
7
16
8
2
2
18
9
19
11
7
14
16
15
0
6
1
4
8
12
13
5
3
10
17
17
0
13
19
10
8
4
11
2
14
15
7
18
1
6
16
3
9
5
12
12
18
5
0
10
7
17
3
15
11
16
1
14
8
19
9
2
6
4
13
13
0
7
19
3
8
11
10
5
4
9
14
12
15
1
2
17
16
6
18
18
0
2
11
3
1
10
6
19
16
17
9
12
4
14
5
8
7
13
15
15
18
7
11
9
4
5
6
17
12
8
0
3
14
2
10
19
1
13
16
16
0
1
12
6
14
7
10
4
17
8
5
11
19
15
9
18
2
13
3
3
0
17
19
8
18
6
11
14
13
9
10
12
7
15
2
16
4
1
5
5
18
19
4
15
13
10
16
14
17
2
9
6
7
3
11
0
12
1
8
8
6
9
11
18
14
19
13
2
15
3
4
0
16
12
17
1
7
5
10
10
0
14
18
17
5
9
15
6
12
2
19
7
1
3
13
8
16
11
4
4
7
9
3
18
10
11
12
19
14
1
17
15
16
5
2
8
13
6
0
0
11
17
13
1
9
16
19
5
15
8
10
18
4
2
7
6
3
12
14
14
0
4
19
2
5
16
18
12
11
1
15
10
9
13
17
7
8
3
6
