11
11
14
3
12
2
16
6
10
4
9
5
17
13
15
18
1
0
19
8
7
7
16
2
17
8
6
15
11
10
18
14
4
1
3
9
0
12
5
19
13
13
19
2
15
8
16
18
7
6
1
11
4
0
14
5
3
10
17
12
9
9
19
16
17
7
10
15
14
6
18
11
5
1
12
4
8
3
13
0
2
2
19
6
13
11
16
15
7
4
18
3
5
0
10
9
1
8
12
14
17
17
19
10
13
8
4
7
11
6
0
3
15
1
14
18
2
9
12
16
5
5
8
2
13
7
9
18
12
6
19
11
17
1
16
0
4
10
3
14
15
15
19
4
13
14
16
1
7
5
18
6
9
8
17
11
12
3
2
10
0
0
8
10
19
14
9
15
3
6
7
12
17
18
16
13
2
5
11
1
4
4
19
9
13
3
16
7
14
10
1
2
18
0
6
17
5
15
12
11
8
8
19
5
7
3
17
14
11
13
12
15
2
0
1
18
10
16
9
4
6
6
8
9
7
2
1
10
11
15
0
16
19
3
18
5
14
13
17
4
12
12
19
17
0
11
18
9
14
1
15
16
10
7
13
6
2
8
5
4
3
3
19
15
13
16
8
11
7
18
4
2
14
0
9
6
5
12
1
17
10
10
8
13
1
6
4
14
12
18
15
5
2
11
9
3
7
19
0
17
16
16
11
2
7
8
18
13
4
5
6
3
1
19
12
0
15
17
9
10
14
14
19
18
8
15
10
2
6
11
0
5
13
9
17
3
4
16
12
7
1
1
9
2
3
8
14
7
0
13
18
17
15
6
12
10
5
16
4
11
19
19
7
15
4
17
2
12
13
10
6
16
14
8
1
5
9
11
3
0
18
18
19
1
13
5
10
12
8
0
7
17
6
14
2
4
15
9
16
3
11
