11
11
19
7
0
4
21
10
17
5
1
20
14
3
6
13
16
15
2
8
18
12
9
9
19
4
0
7
21
17
10
11
5
20
1
14
6
3
13
15
16
2
18
8
12
12
21
4
10
7
19
0
11
17
18
9
2
15
8
13
6
16
14
20
3
1
5
5
21
1
0
10
19
17
11
7
4
20
2
12
16
13
8
3
14
15
6
9
18
18
21
5
0
17
19
10
4
11
1
8
2
9
16
12
6
15
14
13
3
7
20
20
21
14
0
5
19
1
11
4
7
10
8
17
16
18
6
2
3
15
9
12
13
13
21
20
0
1
19
5
11
10
12
7
8
4
16
9
6
18
3
2
14
17
15
15
21
3
0
20
19
14
11
6
12
18
7
17
2
16
4
5
10
1
13
9
8
8
21
6
0
14
19
20
11
3
12
4
18
10
15
7
16
17
1
9
5
13
2
2
21
13
0
3
19
6
11
20
12
10
9
7
5
15
4
17
14
8
1
18
16
16
21
15
0
6
19
3
11
14
12
17
9
4
13
7
1
2
5
18
20
8
10
10
21
16
0
13
19
15
11
8
7
12
5
4
9
1
17
3
20
18
14
2
6
6
21
2
0
16
19
13
11
15
12
20
7
9
17
4
3
10
5
8
14
18
1
1
21
8
0
15
19
16
11
13
12
3
4
6
7
2
10
18
17
20
5
9
14
14
21
18
0
2
19
8
11
12
15
17
6
10
20
16
5
7
3
9
13
1
4
4
1
10
0
21
19
2
11
18
5
12
8
9
20
15
13
17
7
6
14
16
3
3
21
12
0
8
19
18
11
2
4
15
5
17
13
14
1
6
20
9
10
16
7
7
14
4
2
17
0
18
19
9
3
5
16
10
13
20
6
8
15
1
12
11
21
21
9
15
10
14
7
13
5
3
18
2
1
16
6
17
8
20
4
12
19
11
0
0
9
21
7
11
16
20
17
12
1
15
3
8
6
5
14
10
2
13
18
4
19
19
21
11
9
0
12
14
5
2
7
18
15
20
13
10
6
4
8
16
1
3
17
17
21
0
19
12
2
20
10
3
16
8
5
6
1
7
15
18
13
4
14
9
11
