13
13
5
11
15
2
10
18
6
3
7
8
16
12
4
17
1
14
19
0
9
9
10
2
16
0
18
4
13
6
17
5
3
1
11
7
14
15
8
19
12
12
19
2
4
0
10
17
9
18
1
13
3
14
5
8
11
6
16
15
7
7
19
10
16
9
6
4
5
18
17
13
8
1
15
3
0
11
12
14
2
2
19
18
12
13
10
4
9
3
17
11
8
14
6
7
1
0
15
5
16
16
19
6
12
0
3
9
13
18
14
11
4
1
5
17
2
7
15
10
8
8
0
2
12
9
7
17
15
18
19
13
16
1
10
14
3
6
11
5
4
4
19
3
12
5
10
1
9
8
17
18
7
0
16
13
15
11
2
6
14
14
0
6
19
5
7
4
11
18
9
15
16
17
10
12
2
8
13
1
3
3
19
7
12
11
10
9
5
6
1
2
17
14
18
16
8
4
15
13
0
0
19
8
9
11
16
5
13
12
15
4
2
14
1
17
6
10
7
3
18
18
0
7
9
2
1
6
13
4
14
10
19
11
17
8
5
12
16
3
15
15
19
16
14
13
17
7
5
1
4
10
6
9
12
18
2
0
8
3
11
11
19
4
12
10
0
13
9
17
3
2
5
14
7
18
8
15
1
16
6
6
0
12
1
18
3
5
15
17
4
8
2
13
7
11
9
19
14
16
10
10
13
2
9
0
17
12
3
8
18
11
1
19
15
14
4
16
7
6
5
5
19
17
0
4
6
2
18
13
14
8
12
7
16
11
3
10
15
9
1
1
7
2
11
0
5
9
14
12
17
16
4
18
15
6
8
10
3
13
19
19
9
4
3
16
2
15
12
6
18
10
5
0
1
8
7
13
11
14
17
17
19
1
12
8
6
15
0
14
9
16
18
5
2
3
4
7
10
11
13
