13
13
15
12
0
20
21
3
6
5
18
11
10
8
2
19
16
9
17
4
1
7
14
14
15
20
0
12
21
6
3
13
5
11
18
10
2
8
19
9
16
17
1
4
7
7
21
20
3
12
15
0
13
6
1
14
17
9
4
19
2
16
10
11
8
18
5
5
21
18
0
3
15
6
13
12
20
11
17
7
16
19
4
8
10
9
2
14
1
1
21
5
0
6
15
3
20
13
18
4
17
14
16
7
2
9
10
19
8
12
11
11
21
10
0
5
15
18
13
20
12
3
4
6
16
1
2
17
8
9
14
7
19
19
21
11
0
18
15
5
13
3
7
12
4
20
16
14
2
1
8
17
10
6
9
9
21
8
0
11
15
10
13
2
7
1
12
6
17
16
20
5
3
18
19
14
4
4
21
2
0
10
15
11
13
8
7
20
1
3
9
12
16
6
18
14
5
19
17
17
21
19
0
8
15
2
13
11
7
3
14
12
5
9
20
6
10
4
18
1
16
16
21
9
0
2
15
8
13
10
7
6
14
20
19
12
18
17
5
1
11
4
3
3
21
16
0
19
15
9
13
4
12
7
5
20
14
18
6
8
11
1
10
17
2
2
21
17
0
16
15
19
13
9
7
11
12
14
6
20
8
3
5
4
10
1
18
18
21
4
0
9
15
16
13
19
7
8
20
2
12
17
3
1
6
11
5
14
10
10
21
1
0
17
15
4
13
7
9
6
2
3
11
16
5
12
8
14
19
18
20
20
18
3
0
21
15
17
13
1
5
7
4
14
11
9
19
6
12
2
10
16
8
8
21
7
0
4
15
1
13
17
20
9
5
6
19
10
18
2
11
14
3
16
12
12
10
20
17
6
0
1
15
14
8
5
16
3
19
11
2
4
9
18
7
13
21
21
14
9
3
10
12
19
5
8
1
17
18
16
2
6
4
11
20
7
15
13
0
0
14
21
12
13
16
11
6
7
18
9
8
4
2
5
10
3
17
19
1
20
15
15
21
13
14
0
7
10
5
17
12
1
9
11
19
3
2
20
4
16
18
8
6
6
21
0
15
7
17
11
3
8
16
4
5
2
18
12
9
1
19
20
10
14
13
