1
1
9
3
0
2
21
6
10
12
17
8
7
16
18
11
20
15
13
5
19
14
4
4
9
2
0
3
21
10
6
1
12
8
17
7
18
16
11
15
20
13
19
5
14
14
21
2
6
3
9
0
1
10
19
4
13
15
5
11
18
20
7
8
16
17
12
12
21
17
0
6
9
10
1
3
2
8
13
14
20
11
5
16
7
15
18
4
19
19
21
12
0
10
9
6
2
1
17
5
13
4
20
14
18
15
7
11
16
3
8
8
21
7
0
12
9
17
1
2
3
6
5
10
20
19
18
13
16
15
4
14
11
11
21
8
0
17
9
12
1
6
14
3
5
2
20
4
18
19
16
13
7
10
15
15
21
16
0
8
9
7
1
18
14
19
3
10
13
20
2
12
6
17
11
4
5
5
21
18
0
7
9
8
1
16
14
2
19
6
15
3
20
10
17
4
12
11
13
13
21
11
0
16
9
18
1
8
14
6
4
3
12
15
2
10
7
5
17
19
20
20
21
15
0
18
9
16
1
7
14
10
4
2
11
3
17
13
12
19
8
5
6
6
21
20
0
11
9
15
1
5
3
14
12
2
4
17
10
16
8
19
7
13
18
18
21
13
0
20
9
11
1
15
14
8
3
4
10
2
16
6
12
5
7
19
17
17
21
5
0
15
9
20
1
11
14
16
2
18
3
13
6
19
10
8
12
4
7
7
21
19
0
13
9
5
1
14
15
10
18
6
8
20
12
3
16
4
11
17
2
2
17
6
0
21
9
13
1
19
12
14
5
4
8
15
11
10
3
18
7
20
16
16
21
14
0
5
9
19
1
13
2
15
12
10
11
7
17
18
8
4
6
20
3
3
7
2
13
10
0
19
9
4
16
12
20
6
11
8
18
5
15
17
14
1
21
21
4
15
6
7
3
11
12
16
19
13
17
20
18
10
5
8
2
14
9
1
0
0
4
21
3
1
20
8
10
14
17
15
16
5
18
12
7
6
13
11
19
2
9
9
21
1
4
0
14
7
12
13
3
19
15
8
11
6
18
2
5
20
17
16
10
10
21
0
9
14
13
8
6
16
20
5
12
18
17
3
15
19
11
2
7
4
1
