17
17
8
14
16
3
4
15
12
13
1
6
10
5
9
7
2
0
19
18
11
11
4
3
10
18
15
9
17
12
7
8
13
2
14
1
0
16
6
19
5
5
19
3
9
18
4
7
11
15
2
17
13
0
8
6
14
12
10
16
1
1
19
4
10
11
12
9
8
15
7
17
6
2
16
13
18
14
5
0
3
3
19
15
5
17
4
9
11
13
7
14
6
0
12
1
2
18
16
8
10
10
19
12
5
18
13
11
17
15
0
14
9
2
8
7
3
1
16
4
6
6
18
3
5
11
1
7
16
15
19
17
10
2
4
0
13
12
14
8
9
9
19
13
5
8
4
2
11
6
7
15
1
18
10
17
16
14
3
12
0
0
18
12
19
8
1
9
14
15
11
16
10
7
4
5
3
6
17
2
13
13
19
1
5
14
4
11
8
12
2
3
7
0
15
10
6
9
16
17
18
18
19
6
11
14
10
8
17
5
16
9
3
0
2
7
12
4
1
13
15
15
18
1
11
3
2
12
17
9
0
4
19
14
7
6
8
5
10
13
16
16
19
10
0
17
7
1
8
2
9
4
12
11
5
15
3
18
6
13
14
14
19
9
5
4
18
17
11
7
13
3
8
0
1
15
6
16
2
10
12
12
18
5
2
15
13
8
16
7
9
6
3
17
1
14
11
19
0
10
4
4
17
3
11
18
7
5
13
6
15
14
2
19
16
0
9
10
1
12
8
8
19
7
18
9
12
3
15
17
0
6
5
1
10
14
13
4
16
11
2
2
1
3
14
18
8
11
0
5
7
10
9
15
16
12
6
4
13
17
19
19
11
9
13
10
3
16
5
12
15
4
8
18
2
6
1
17
14
0
7
7
19
2
5
6
12
16
18
0
11
10
15
8
3
13
9
1
4
14
17
