14
14
5
6
7
17
8
15
12
1
13
3
9
4
18
11
10
2
0
19
16
16
8
17
9
19
15
18
14
12
11
5
1
10
6
13
2
7
3
0
4
4
0
17
18
19
8
11
16
15
10
14
1
2
5
3
6
12
9
7
13
13
0
8
9
16
12
18
5
15
11
14
3
10
7
1
19
6
4
2
17
17
0
15
4
14
8
18
16
1
11
6
3
2
12
13
10
19
7
5
9
9
0
12
4
19
1
16
14
15
2
6
18
10
5
11
17
13
7
8
3
3
19
17
4
16
13
11
7
15
0
14
9
10
8
2
1
12
6
5
18
18
0
1
4
5
8
10
16
3
11
15
13
19
9
14
7
6
17
12
2
2
19
12
0
5
13
18
6
15
16
7
9
11
8
4
17
3
14
10
1
1
0
13
4
6
8
16
5
12
10
17
11
2
15
9
3
18
7
14
19
19
0
3
16
6
9
5
14
4
7
18
17
2
10
11
12
8
13
1
15
15
19
13
16
17
10
12
14
18
2
8
0
6
11
3
5
4
9
1
7
7
0
9
2
14
11
13
5
10
18
8
12
16
4
15
17
19
3
1
6
6
0
18
4
8
19
14
16
11
1
17
5
2
13
15
3
7
10
9
12
12
19
4
10
15
1
5
7
11
18
3
17
14
13
6
16
0
2
9
8
8
14
17
16
19
11
4
1
3
15
6
10
0
7
2
18
9
13
12
5
5
0
11
19
18
12
17
15
14
2
3
4
13
9
6
1
8
7
16
10
10
13
17
6
19
5
16
2
4
11
9
18
15
7
12
3
8
1
14
0
0
16
18
1
9
17
7
4
12
15
8
5
19
10
3
13
14
6
2
11
11
0
10
4
3
12
7
19
2
16
9
15
5
17
1
18
13
8
6
14
