9
9
20
12
17
16
21
13
2
18
14
3
7
15
1
10
8
11
5
6
19
0
4
4
20
16
17
12
21
2
13
9
18
3
14
7
1
15
10
11
8
5
19
6
0
0
21
16
13
12
20
17
9
2
19
4
5
11
6
10
1
8
7
3
15
14
18
18
21
14
17
13
20
2
9
12
16
3
5
0
8
10
6
15
7
11
1
4
19
19
21
18
17
2
20
13
16
9
14
6
5
4
8
0
1
11
7
10
15
12
3
3
21
7
17
18
20
14
9
16
12
13
6
2
8
19
1
5
15
11
4
0
10
10
21
3
17
14
20
18
9
13
0
12
6
16
8
4
1
19
15
5
7
2
11
11
21
15
17
3
20
7
9
1
0
19
12
2
5
8
16
18
13
14
10
4
6
6
21
1
17
7
20
3
9
15
0
16
19
13
11
12
8
2
14
4
18
10
5
5
21
10
17
15
20
1
9
3
0
13
4
12
18
11
16
2
7
6
14
19
8
8
21
11
17
1
20
15
9
7
0
2
4
16
10
12
14
5
18
19
3
6
13
13
21
8
17
10
20
11
9
6
12
0
18
16
4
14
2
15
3
19
7
5
1
1
21
5
17
8
20
10
9
11
0
3
12
4
2
16
15
13
18
6
7
19
14
14
21
6
17
11
20
8
9
10
0
15
16
1
12
5
13
19
2
3
18
4
7
7
21
19
17
5
20
6
9
0
11
2
1
13
3
8
18
12
15
4
10
14
16
16
14
13
17
21
20
5
9
19
18
0
6
4
3
11
10
2
12
1
7
8
15
15
21
0
17
6
20
19
9
5
16
11
18
2
10
7
14
1
3
4
13
8
12
12
7
16
5
2
17
19
20
4
15
18
8
13
10
3
1
6
11
14
0
9
21
21
4
11
13
7
12
10
18
15
19
5
14
8
1
2
6
3
16
0
20
9
17
17
4
21
12
9
8
3
2
0
14
11
15
6
1
18
7
13
5
10
19
16
20
20
21
9
4
17
0
7
18
5
12
19
11
3
10
13
1
16
6
8
14
15
2
2
21
17
20
0
5
3
13
15
8
6
18
1
14
12
11
19
10
16
7
4
9
