4
4
15
2
1
8
10
18
3
13
12
9
5
7
16
11
14
6
19
0
17
17
10
8
5
0
18
16
4
3
11
15
13
14
2
12
6
1
9
19
7
7
19
8
16
0
10
11
17
18
14
4
13
6
15
9
2
3
5
1
12
12
19
10
5
17
3
16
15
18
11
4
9
14
1
13
0
2
7
6
8
8
19
18
7
4
10
16
17
13
11
2
9
6
3
12
14
0
1
15
5
5
19
3
7
0
13
17
4
18
6
2
16
14
15
11
8
12
1
10
9
9
0
8
7
17
12
11
1
18
19
4
5
14
10
6
13
3
2
15
16
16
19
13
7
15
10
14
17
9
11
18
12
0
5
4
1
2
8
3
6
6
0
3
19
15
12
16
2
18
17
1
5
11
10
7
8
9
4
14
13
13
19
12
7
2
10
17
15
3
14
8
11
6
18
5
9
16
1
4
0
0
19
9
17
2
5
15
4
7
1
16
8
6
14
11
3
10
12
13
18
18
0
12
17
8
14
3
4
16
6
10
19
2
11
9
15
7
5
13
1
1
19
5
6
4
11
12
15
14
16
10
3
17
7
18
8
0
9
13
2
2
19
16
7
10
0
4
17
11
13
8
15
6
12
18
9
1
14
5
3
3
0
7
14
18
13
15
1
11
16
9
8
4
12
2
17
19
6
5
10
10
4
8
17
0
11
7
13
9
18
2
14
19
1
6
16
5
12
3
15
15
19
11
0
16
3
8
18
4
6
9
7
12
5
2
13
10
1
17
14
14
12
8
2
0
15
17
6
7
11
5
16
18
1
3
9
10
13
4
19
19
17
16
13
5
8
1
7
3
18
10
15
0
14
9
12
4
2
6
11
11
19
14
7
9
3
1
0
6
17
5
18
15
8
13
16
12
10
2
4
