10
10
2
18
0
5
21
11
7
6
4
20
16
17
3
13
14
9
8
12
15
1
19
19
2
5
0
18
21
7
11
10
6
20
4
16
3
17
13
9
14
8
15
12
1
1
21
5
11
18
2
0
10
7
15
19
8
9
12
13
3
14
16
20
17
4
6
6
21
4
0
11
2
7
10
18
5
20
8
1
14
13
12
17
16
9
3
19
15
15
21
6
0
7
2
11
5
10
4
12
8
19
14
1
3
9
16
13
17
18
20
20
21
16
0
6
2
4
10
5
18
11
12
7
14
15
3
8
17
9
19
1
13
13
21
20
0
4
2
6
10
11
1
18
12
5
14
19
3
15
17
8
16
7
9
9
21
17
0
20
2
16
10
3
1
15
18
7
8
14
5
6
11
4
13
19
12
12
21
3
0
16
2
20
10
17
1
5
15
11
9
18
14
7
4
19
6
13
8
8
21
13
0
17
2
3
10
20
1
11
19
18
6
9
5
7
16
12
4
15
14
14
21
9
0
3
2
17
10
16
1
7
19
5
13
18
4
8
6
15
20
12
11
11
21
14
0
13
2
9
10
12
18
1
6
5
19
4
7
17
20
15
16
8
3
3
21
8
0
14
2
13
10
9
1
20
18
19
7
5
17
11
6
12
16
15
4
4
21
12
0
9
2
14
10
13
1
17
5
3
18
8
11
15
7
20
6
19
16
16
21
15
0
8
2
12
10
1
9
7
3
11
20
14
6
18
17
19
13
4
5
5
4
11
0
21
2
8
10
15
6
1
12
19
20
9
13
7
18
3
16
14
17
17
21
1
0
12
2
15
10
8
5
9
6
7
13
16
4
3
20
19
11
14
18
18
16
5
8
7
0
15
2
19
17
6
14
11
13
20
3
12
9
4
1
10
21
21
19
9
11
16
18
13
6
17
15
8
4
14
3
7
12
20
5
1
2
10
0
0
19
21
18
10
14
20
7
1
4
9
17
12
3
6
16
11
8
13
15
5
2
2
21
10
19
0
1
16
6
8
18
15
9
20
13
11
3
5
12
14
4
17
7
7
21
0
2
1
8
20
11
17
14
12
6
3
4
18
9
15
13
5
16
19
10
