17
17
9
1
15
13
7
14
11
10
5
8
4
2
18
16
6
3
19
0
12
12
7
13
4
0
14
18
17
11
16
9
10
6
1
5
3
15
8
19
2
2
19
13
18
0
7
16
12
14
6
17
10
3
9
8
1
11
4
15
5
5
19
7
4
12
11
18
9
14
16
17
8
6
15
10
0
1
2
3
13
13
19
14
2
17
7
18
12
10
16
1
8
3
11
5
6
0
15
9
4
4
19
11
2
0
10
12
17
14
3
1
18
6
9
16
13
5
15
7
8
8
0
13
2
12
5
16
15
14
19
17
4
6
7
3
10
11
1
9
18
18
19
10
2
9
7
6
12
8
16
14
5
0
4
17
15
1
13
11
3
3
0
11
19
9
5
18
1
14
12
15
4
16
7
2
13
8
17
6
10
10
19
5
2
1
7
12
9
11
6
13
16
3
14
4
8
18
15
17
0
0
19
8
12
1
4
9
17
2
15
18
13
3
6
16
11
7
5
10
14
14
0
5
12
13
6
11
17
18
3
7
19
1
16
8
9
2
4
10
15
15
19
4
3
17
16
5
9
6
18
7
11
12
2
14
13
0
8
10
1
1
19
18
2
7
0
17
12
16
10
13
9
3
5
14
8
15
6
4
11
11
0
2
6
14
10
9
15
16
18
8
13
17
5
1
12
19
3
4
7
7
17
13
12
0
16
2
10
8
14
1
6
19
15
3
18
4
5
11
9
9
19
16
0
18
11
13
14
17
3
8
2
5
4
1
10
7
15
12
6
6
5
13
1
0
9
12
3
2
16
4
18
14
15
11
8
7
10
17
19
19
12
18
10
4
13
15
2
11
14
7
9
0
6
8
5
17
1
3
16
16
19
6
2
8
11
15
0
3
12
4
14
9
13
10
18
5
7
1
17
