9
9
17
14
18
10
5
11
12
16
7
13
1
3
15
2
8
4
0
19
6
6
5
10
1
19
11
15
9
12
2
17
16
8
14
7
4
18
13
0
3
3
0
10
15
19
5
2
6
11
8
9
16
4
17
13
14
12
1
18
7
7
0
5
1
6
12
15
17
11
2
9
13
8
18
16
19
14
3
4
10
10
0
11
3
9
5
15
6
16
2
14
13
4
12
7
8
19
18
17
1
1
0
12
3
19
16
6
9
11
4
14
15
8
17
2
10
7
18
5
13
13
19
10
3
6
7
2
18
11
0
9
1
8
5
4
16
12
14
17
15
15
0
16
3
17
5
8
6
13
2
11
7
19
1
9
18
14
10
12
4
4
19
12
0
17
7
15
14
11
6
18
1
2
5
3
10
13
9
8
16
16
0
7
3
14
5
6
17
12
8
10
2
4
11
1
13
15
18
9
19
19
0
13
6
14
1
17
9
3
18
15
10
4
8
2
12
5
7
16
11
11
19
7
6
10
8
12
9
15
4
5
0
14
2
13
17
3
1
16
18
18
0
1
4
9
2
7
17
8
15
5
12
6
3
11
10
19
13
16
14
14
0
15
3
5
19
9
6
2
16
10
17
4
7
11
13
18
8
1
12
12
19
3
8
11
16
17
18
2
15
13
10
9
7
14
6
0
4
1
5
5
9
10
6
19
2
3
16
13
11
14
8
0
18
4
15
1
7
12
17
17
0
2
19
15
12
10
11
9
4
13
3
7
1
14
16
5
18
6
8
8
7
10
14
19
17
6
4
3
2
1
15
11
18
12
13
5
16
9
0
0
6
15
16
1
10
18
3
12
11
5
17
19
8
13
7
9
14
4
2
2
0
8
3
13
12
18
19
4
6
1
11
17
10
16
15
7
5
14
9
