15
15
5
9
11
3
12
14
2
10
6
13
8
17
16
18
1
7
0
19
4
4
12
3
8
19
14
16
15
2
18
5
10
1
9
6
7
11
13
0
17
17
0
3
16
19
12
18
4
14
1
15
10
7
5
13
9
2
8
11
6
6
0
12
8
4
2
16
5
14
18
15
13
1
11
10
19
9
17
7
3
3
0
14
17
15
12
16
4
10
18
9
13
7
2
6
1
19
11
5
8
8
0
2
17
19
10
4
15
14
7
9
16
1
5
18
3
6
11
12
13
13
19
3
17
4
6
18
11
14
0
15
8
1
12
7
10
2
9
5
16
16
0
10
17
5
12
1
4
13
18
14
6
19
8
15
11
9
3
2
7
7
19
2
0
5
6
16
9
14
4
11
8
18
12
17
3
13
15
1
10
10
0
6
17
9
12
4
5
2
1
3
18
7
14
8
13
16
11
15
19
19
0
13
4
9
8
5
15
17
11
16
3
7
1
18
2
12
6
10
14
14
19
6
4
3
1
2
15
16
7
12
0
9
18
13
5
17
8
10
11
11
0
8
7
15
18
6
5
1
16
12
2
4
17
14
3
19
13
10
9
9
0
16
17
12
19
15
4
18
10
3
5
7
6
14
13
11
1
8
2
2
19
17
1
14
10
5
11
18
16
13
3
15
6
9
4
0
7
8
12
12
15
3
4
19
18
17
10
13
14
9
1
0
11
7
16
8
6
2
5
5
0
18
19
16
2
3
14
15
7
13
17
6
8
9
10
12
11
4
1
1
6
3
9
19
5
4
7
17
18
8
16
14
11
2
13
12
10
15
0
0
4
16
10
8
3
11
17
2
14
12
5
19
1
13
6
15
9
7
18
18
0
1
17
13
2
11
19
7
4
8
14
5
3
10
16
6
12
9
15
