7
7
19
9
18
12
0
21
10
6
1
16
5
4
2
11
13
14
20
3
17
15
8
8
19
12
18
9
0
10
21
7
6
16
1
5
2
4
11
14
13
20
17
3
15
15
0
12
21
9
19
18
7
10
17
8
20
14
3
11
2
13
5
16
4
1
6
6
0
1
18
21
19
10
7
9
12
16
20
15
13
11
3
4
5
14
2
8
17
17
0
6
18
10
19
21
12
7
1
3
20
8
13
15
2
14
5
11
4
9
16
16
0
5
18
6
19
1
7
12
9
21
3
10
13
17
2
20
4
14
8
15
11
11
0
16
18
1
19
6
7
21
15
9
3
12
13
8
2
17
4
20
5
10
14
14
0
4
18
16
19
5
7
2
15
17
9
10
20
13
12
6
21
1
11
8
3
3
0
2
18
5
19
16
7
4
15
12
17
21
14
9
13
10
1
8
6
11
20
20
0
11
18
4
19
2
7
16
15
21
8
9
6
14
12
10
5
3
1
17
13
13
0
14
18
2
19
4
7
5
15
10
8
12
11
9
1
20
6
17
16
3
21
21
0
13
18
11
19
14
7
3
9
15
6
12
8
1
10
4
16
17
5
20
2
2
0
20
18
13
19
11
7
14
15
16
9
8
10
12
4
21
6
3
5
17
1
1
0
3
18
14
19
13
7
11
15
4
12
2
9
20
21
17
10
16
6
8
5
5
0
17
18
20
19
3
7
15
14
10
2
21
16
13
6
9
4
8
11
1
12
12
1
21
18
0
19
20
7
17
6
15
3
8
16
14
11
10
9
2
5
13
4
4
0
15
18
3
19
17
7
20
12
14
6
10
11
5
1
2
16
8
21
13
9
9
5
12
20
10
18
17
19
8
4
6
13
21
11
16
2
3
14
1
15
7
0
0
8
14
21
5
9
11
6
4
17
20
1
13
2
10
3
16
12
15
19
7
18
18
8
0
9
7
13
16
10
15
1
14
4
3
2
6
5
21
20
11
17
12
19
19
0
7
8
18
15
5
6
20
9
17
14
16
11
21
2
12
3
13
1
4
10
10
0
18
19
15
20
16
21
4
13
3
6
2
1
9
14
17
11
12
5
8
7
