14
14
21
10
0
5
19
1
13
15
4
6
7
3
9
12
11
16
8
17
2
20
18
18
21
5
0
10
19
13
1
14
15
6
4
7
9
3
12
16
11
8
2
17
20
20
19
5
1
10
21
0
14
13
2
18
8
16
17
12
9
11
7
6
3
4
15
15
19
4
0
1
21
13
14
10
5
6
8
20
11
12
17
3
7
16
9
18
2
2
19
15
0
13
21
1
5
14
4
17
8
18
11
20
9
16
7
12
3
10
6
6
19
7
0
15
21
4
14
5
10
1
17
13
11
2
9
8
3
16
18
20
12
12
19
6
0
4
21
15
14
1
20
10
17
5
11
18
9
2
3
8
7
13
16
16
19
3
0
6
21
7
14
9
20
2
10
13
8
11
5
15
1
4
12
18
17
17
19
9
0
7
21
6
14
3
20
5
2
1
16
10
11
13
4
18
15
12
8
8
19
12
0
3
21
9
14
6
20
1
18
10
15
16
5
13
7
17
4
2
11
11
19
16
0
9
21
3
14
7
20
13
18
5
12
10
4
8
15
2
6
17
1
1
19
11
0
12
21
16
14
17
10
20
15
5
18
4
13
3
6
2
7
8
9
9
19
8
0
11
21
12
14
16
20
6
10
18
13
5
3
1
15
17
7
2
4
4
19
17
0
16
21
11
14
12
20
3
5
9
10
8
1
2
13
6
15
18
7
7
19
2
0
8
21
17
14
20
16
13
9
1
6
11
15
10
3
18
12
4
5
5
4
1
0
19
21
8
14
2
15
20
17
18
6
16
12
13
10
9
7
11
3
3
19
20
0
17
21
2
14
8
5
16
15
13
12
7
4
9
6
18
1
11
10
10
7
5
8
13
0
2
21
18
3
15
11
1
12
6
9
17
16
4
20
14
19
19
18
16
1
7
10
12
15
3
2
8
4
11
9
13
17
6
5
20
21
14
0
0
18
19
10
14
11
6
13
20
4
16
3
17
9
15
7
1
8
12
2
5
21
21
19
14
18
0
20
7
15
8
10
2
16
6
12
1
9
5
17
11
4
3
13
13
19
0
21
20
8
6
1
3
11
17
15
9
4
10
16
2
12
5
7
18
14
