8
8
5
7
21
11
0
16
13
18
1
9
2
14
19
4
3
6
20
15
17
12
10
10
5
11
21
7
0
13
16
8
18
9
1
2
19
14
4
6
3
20
17
15
12
12
0
11
16
7
5
21
8
13
17
10
20
6
15
4
19
3
2
9
14
1
18
18
0
1
21
16
5
13
8
7
11
9
20
12
3
4
15
14
2
6
19
10
17
17
0
18
21
13
5
16
11
8
1
15
20
10
3
12
19
6
2
4
14
7
9
9
0
2
21
18
5
1
8
11
7
16
15
13
3
17
19
20
14
6
10
12
4
4
0
9
21
1
5
18
8
16
12
7
15
11
3
10
19
17
14
20
2
13
6
6
0
14
21
9
5
2
8
19
12
17
7
13
20
3
11
18
16
1
4
10
15
15
0
19
21
2
5
9
8
14
12
11
17
16
6
7
3
13
1
10
18
4
20
20
0
4
21
14
5
19
8
9
12
16
10
7
18
6
11
13
2
15
1
17
3
3
0
6
21
19
5
14
8
2
12
13
10
11
4
7
1
20
18
17
9
15
16
16
0
3
21
4
5
6
8
15
7
12
18
11
10
1
13
14
9
17
2
20
19
19
0
20
21
3
5
4
8
6
12
9
7
10
13
11
14
16
18
15
2
17
1
1
0
15
21
6
5
3
8
4
12
14
11
19
7
20
16
17
13
9
18
10
2
2
0
17
21
20
5
15
8
12
6
13
19
16
9
3
18
7
14
10
4
1
11
11
1
16
21
0
5
20
8
17
18
12
15
10
9
6
4
13
7
19
2
3
14
14
0
12
21
15
5
17
8
20
11
6
18
13
4
2
1
19
9
10
16
3
7
7
2
11
20
13
21
17
5
10
14
18
3
16
4
9
19
15
6
1
12
8
0
0
10
6
16
2
7
4
18
14
17
20
1
3
19
13
15
9
11
12
5
8
21
21
10
0
7
8
3
9
13
12
1
6
14
15
19
18
2
16
20
4
17
11
5
5
0
8
10
21
12
2
18
20
7
17
6
9
4
16
19
11
15
3
1
14
13
13
0
21
5
12
20
9
16
14
3
15
18
19
1
7
6
17
4
11
2
10
8
