12
12
16
7
21
11
0
15
17
13
3
19
5
18
2
20
6
10
1
14
8
9
4
4
16
11
21
7
0
17
15
12
13
19
3
5
2
18
20
10
6
1
8
14
9
9
0
11
15
7
16
21
12
17
8
4
1
10
14
20
2
6
5
19
18
3
13
13
0
3
21
15
16
17
12
7
11
19
1
9
6
20
14
18
5
10
2
4
8
8
0
13
21
17
16
15
11
12
3
14
1
4
6
9
2
10
5
20
18
7
19
19
0
5
21
13
16
3
12
11
7
15
14
17
6
8
2
1
18
10
4
9
20
20
0
19
21
3
16
13
12
15
9
7
14
11
6
4
2
8
18
1
5
17
10
10
0
18
21
19
16
5
12
2
9
8
7
17
1
6
11
13
15
3
20
4
14
14
0
2
21
5
16
19
12
18
9
11
8
15
10
7
6
17
3
4
13
20
1
1
0
20
21
18
16
2
12
19
9
15
4
7
13
10
11
17
5
14
3
8
6
6
0
10
21
2
16
18
12
5
9
17
4
11
20
7
3
1
13
8
19
14
15
15
0
6
21
20
16
10
12
14
7
9
13
11
4
3
17
18
19
8
5
1
2
2
0
1
21
6
16
20
12
10
9
19
7
4
17
11
18
15
13
14
5
8
3
3
0
14
21
10
16
6
12
20
9
18
11
2
7
1
15
8
17
19
13
4
5
5
0
8
21
1
16
14
12
9
10
17
2
15
19
6
13
7
18
4
20
3
11
11
3
15
21
0
16
1
12
8
13
9
14
4
19
10
20
17
7
2
5
6
18
18
0
9
21
14
16
8
12
1
11
10
13
17
20
5
3
2
19
4
15
6
7
7
5
11
1
17
21
8
16
4
18
13
6
15
20
19
2
14
10
3
9
12
0
0
4
10
15
5
7
20
13
18
8
1
3
6
2
17
14
19
11
9
16
12
21
21
4
0
7
12
6
19
17
9
3
10
18
14
2
13
5
15
1
20
8
11
16
16
0
12
4
21
9
5
13
1
7
8
10
19
20
15
2
11
14
6
3
18
17
17
0
21
16
9
1
19
15
18
6
14
13
2
3
7
10
8
20
11
5
4
12
