5
5
18
4
2
15
21
1
19
16
11
20
14
3
17
7
8
12
6
13
9
0
10
10
18
15
2
4
21
19
1
5
16
20
11
14
17
3
7
12
8
6
9
13
0
0
21
15
1
4
18
2
5
19
9
10
6
12
13
7
17
8
14
20
3
11
16
16
21
11
2
1
18
19
5
4
15
20
6
0
8
7
13
3
14
12
17
10
9
9
21
16
2
19
18
1
15
5
11
13
6
10
8
0
17
12
14
7
3
4
20
20
21
14
2
16
18
11
5
15
4
1
13
19
8
9
17
6
3
12
10
0
7
7
21
20
2
11
18
16
5
1
0
4
13
15
8
10
17
9
3
6
14
19
12
12
21
3
2
20
18
14
5
17
0
9
4
19
6
8
15
16
1
11
7
10
13
13
21
17
2
14
18
20
5
3
0
15
9
1
12
4
8
19
11
10
16
7
6
6
21
7
2
3
18
17
5
20
0
1
10
4
16
12
15
19
14
13
11
9
8
8
21
12
2
17
18
3
5
14
0
19
10
15
7
4
11
6
16
9
20
13
1
1
21
8
2
7
18
12
5
13
4
0
16
15
10
11
19
3
20
9
14
6
17
17
21
6
2
8
18
7
5
12
0
20
4
10
19
15
3
1
16
13
14
9
11
11
21
13
2
12
18
8
5
7
0
3
15
17
4
6
1
9
19
20
16
10
14
14
21
9
2
6
18
13
5
0
12
19
17
1
20
8
16
4
3
10
7
11
15
15
11
1
2
21
18
6
5
9
16
0
13
10
20
12
7
19
4
17
14
8
3
3
21
0
2
13
18
9
5
6
15
12
16
19
7
14
11
17
20
10
1
8
4
4
14
15
6
19
2
9
18
10
3
16
8
1
7
20
17
13
12
11
0
5
21
21
10
12
1
14
4
7
16
3
9
6
11
8
17
19
13
20
15
0
18
5
2
2
10
21
4
5
8
20
19
0
11
12
3
13
17
16
14
1
6
7
9
15
18
18
21
5
10
2
0
14
16
6
4
9
12
20
7
1
17
15
13
8
11
3
19
19
21
2
18
0
6
20
1
3
8
13
16
17
11
4
12
9
7
15
14
10
5
