6
6
2
14
18
4
10
12
13
15
1
16
17
8
3
5
9
11
0
19
7
7
10
4
17
19
12
3
6
13
5
2
15
9
14
1
11
18
16
0
8
8
0
4
3
19
10
5
7
12
9
6
15
11
2
16
14
13
17
18
1
1
0
10
17
7
13
3
2
12
5
6
16
9
18
15
19
14
8
11
4
4
0
12
8
6
10
3
7
15
5
14
16
11
13
1
9
19
18
2
17
17
0
13
8
19
15
7
6
12
11
14
3
9
2
5
4
1
18
10
16
16
19
4
8
7
1
5
18
12
0
6
17
9
10
11
15
13
14
2
3
3
0
15
8
2
10
9
7
16
5
12
1
19
17
6
18
14
4
13
11
11
19
13
0
2
1
3
14
12
7
18
17
5
10
8
4
16
6
9
15
15
0
1
8
14
10
7
2
13
9
4
5
11
12
17
16
3
18
6
19
19
0
16
7
14
17
2
6
8
18
3
4
11
9
5
13
10
1
15
12
12
19
1
7
4
9
13
6
3
11
10
0
14
5
16
2
8
17
15
18
18
0
17
11
6
5
1
2
9
3
10
13
7
8
12
4
19
16
15
14
14
0
3
8
10
19
6
7
5
15
4
2
11
1
12
16
18
9
17
13
13
19
8
9
12
15
2
18
5
3
16
4
6
1
14
7
0
11
17
10
10
6
4
7
19
5
8
15
16
12
14
9
0
18
11
3
17
1
13
2
2
0
5
19
3
13
4
12
6
11
16
8
1
17
14
15
10
18
7
9
9
1
4
14
19
2
7
11
8
5
17
3
12
18
13
16
10
15
6
0
0
7
3
15
17
4
18
8
13
12
10
2
19
9
16
1
6
14
11
5
5
0
9
8
16
13
18
19
11
7
17
12
2
4
15
3
1
10
14
6
