10
10
9
17
6
12
1
8
7
18
5
15
14
3
11
2
16
4
0
19
13
13
1
12
14
19
8
11
10
7
2
9
18
16
17
5
4
6
15
0
3
3
0
12
11
19
1
2
13
8
16
10
18
4
9
15
17
7
14
6
5
5
0
1
14
13
7
11
9
8
2
10
15
16
6
18
19
17
3
4
12
12
0
8
3
10
1
11
13
18
2
17
15
4
7
5
16
19
6
9
14
14
0
7
3
19
18
13
10
8
4
17
11
16
9
2
12
5
6
1
15
15
19
12
3
13
5
2
6
8
0
10
14
16
1
4
18
7
17
9
11
11
0
18
3
9
1
16
13
15
2
8
5
19
14
10
6
17
12
7
4
4
19
7
0
9
5
11
17
8
13
6
14
2
1
3
12
15
10
16
18
18
0
5
3
17
1
13
9
7
16
12
2
4
8
14
15
11
6
10
19
19
0
15
13
17
14
9
10
3
6
11
12
4
16
2
7
1
5
18
8
8
19
5
13
12
16
7
10
11
4
1
0
17
2
15
9
3
14
18
6
6
0
14
4
10
2
5
9
16
11
1
7
13
3
8
12
19
15
18
17
17
0
11
3
1
19
10
13
2
18
12
9
4
5
8
15
6
16
14
7
7
19
3
16
8
18
9
6
2
11
15
12
10
5
17
13
0
4
14
1
1
10
12
13
19
2
3
18
15
8
17
16
0
6
4
11
14
5
7
9
9
0
2
19
11
7
12
8
10
4
15
3
5
14
17
18
1
6
13
16
16
5
12
17
19
9
13
4
3
2
14
11
8
6
7
15
1
18
10
0
0
13
11
18
14
12
6
3
7
8
1
9
19
16
15
5
10
17
4
2
2
0
16
3
15
7
6
19
4
13
14
8
9
12
18
11
5
1
17
10
