9
9
12
4
11
17
7
6
14
2
18
13
3
15
8
5
10
19
0
1
16
16
7
17
3
1
6
8
9
14
5
12
2
10
4
18
19
11
13
0
15
15
0
17
8
1
7
5
16
6
10
9
2
19
12
13
4
14
3
11
18
18
0
7
3
16
14
8
12
6
5
9
13
10
11
2
1
4
15
19
17
17
0
6
15
9
7
8
16
2
5
4
13
19
14
18
10
1
11
12
3
3
0
14
15
1
2
16
9
6
19
4
8
10
12
5
17
18
11
7
13
13
1
17
15
16
18
5
11
6
0
9
3
10
7
19
2
14
4
12
8
8
0
2
15
12
7
10
16
13
5
6
18
1
3
9
11
4
17
14
19
19
1
14
0
12
18
8
4
6
16
11
3
5
7
15
17
13
9
10
2
2
0
18
15
4
7
16
12
14
10
17
5
19
6
3
13
8
11
9
1
1
0
13
16
4
3
12
9
15
11
8
17
19
10
5
14
7
18
2
6
6
1
18
16
17
10
14
9
8
19
7
0
4
5
13
12
15
3
2
11
11
0
3
19
9
5
18
12
10
8
7
14
16
15
6
17
1
13
2
4
4
0
8
15
7
1
9
16
5
2
17
12
19
18
6
13
11
10
3
14
14
1
15
10
6
2
12
11
5
8
13
17
9
18
4
16
0
19
3
7
7
9
17
16
1
5
15
2
13
6
4
10
0
11
19
8
3
18
14
12
12
0
5
1
8
14
17
6
9
19
13
15
18
3
4
2
7
11
16
10
10
18
17
4
1
12
16
19
15
5
3
8
6
11
14
13
7
2
9
0
0
16
8
2
3
17
11
15
14
6
7
12
1
10
13
18
9
4
19
5
5
0
10
15
13
14
11
1
19
16
3
6
12
17
2
8
18
7
4
9
