9
9
5
11
0
7
21
18
14
16
1
17
10
15
6
19
13
12
2
4
3
20
8
8
5
7
0
11
21
14
18
9
16
17
1
10
6
15
19
12
13
2
3
4
20
20
21
7
18
11
5
0
9
14
3
8
2
12
4
19
6
13
10
17
15
1
16
16
21
1
0
18
5
14
9
11
7
17
2
20
13
19
4
15
10
12
6
8
3
3
21
16
0
14
5
18
7
9
1
4
2
8
13
20
6
12
10
19
15
11
17
17
21
10
0
16
5
1
9
7
11
18
4
14
13
3
6
2
15
12
8
20
19
19
21
17
0
1
5
16
9
18
20
11
4
7
13
8
6
3
15
2
10
14
12
12
21
15
0
17
5
10
9
6
20
3
11
14
2
13
7
16
18
1
19
8
4
4
21
6
0
10
5
17
9
15
20
7
3
18
12
11
13
14
1
8
16
19
2
2
21
19
0
15
5
6
9
17
20
18
8
11
16
12
7
14
10
4
1
3
13
13
21
12
0
6
5
15
9
10
20
14
8
7
19
11
1
2
16
3
17
4
18
18
21
13
0
19
5
12
9
4
11
20
16
7
8
1
14
15
17
3
10
2
6
6
21
2
0
13
5
19
9
12
20
17
11
8
14
7
15
18
16
4
10
3
1
1
21
4
0
12
5
13
9
19
20
15
7
6
11
2
18
3
14
17
16
8
10
10
21
3
0
2
5
4
9
20
12
14
6
18
17
13
16
11
15
8
19
1
7
7
1
18
0
21
5
2
9
3
16
20
4
8
17
12
19
14
11
6
10
13
15
15
21
20
0
4
5
3
9
2
7
12
16
14
19
10
1
6
17
8
18
13
11
11
10
7
2
14
0
3
5
8
15
16
13
18
19
17
6
4
12
1
20
9
21
21
8
12
18
10
11
19
16
15
3
2
1
13
6
14
4
17
7
20
5
9
0
0
8
21
11
9
13
17
14
20
1
12
15
4
6
16
10
18
2
19
3
7
5
5
21
9
8
0
20
10
16
2
11
3
12
17
19
18
6
7
4
13
1
15
14
14
21
0
5
20
2
17
18
15
13
4
16
6
1
11
12
3
19
7
10
8
9
