11
11
17
16
3
18
2
4
1
7
15
10
5
9
13
6
14
12
19
0
8
8
2
18
5
0
4
13
11
1
6
17
7
14
16
15
12
3
10
19
9
9
19
18
13
0
2
6
8
4
14
11
7
12
17
10
16
1
5
3
15
15
19
2
5
8
1
13
17
4
6
11
10
14
3
7
0
16
9
12
18
18
19
4
9
11
2
13
8
7
6
16
10
12
1
15
14
0
3
17
5
5
19
1
9
0
7
8
11
4
12
16
13
14
17
6
18
15
3
2
10
10
0
18
9
8
15
6
3
4
19
11
5
14
2
12
7
1
16
17
13
13
19
7
9
17
2
14
8
10
6
4
15
0
5
11
3
16
18
1
12
12
0
1
19
17
15
13
16
4
8
3
5
6
2
9
18
10
11
14
7
7
19
15
9
16
2
8
17
1
14
18
6
12
4
5
10
13
3
11
0
0
19
10
8
16
5
17
11
9
3
13
18
12
14
6
1
2
15
7
4
4
0
15
8
18
14
1
11
13
12
2
19
16
6
10
17
9
5
7
3
3
19
5
12
11
6
15
17
14
13
2
1
8
9
4
18
0
10
7
16
16
19
13
9
2
0
11
8
6
7
18
17
12
15
4
10
3
14
5
1
1
0
9
14
4
7
17
3
6
13
10
18
11
15
16
8
19
12
5
2
2
11
18
8
0
6
9
7
10
4
16
14
19
3
12
13
5
15
1
17
17
19
6
0
13
1
18
4
11
12
10
9
15
5
16
7
2
3
8
14
14
15
18
16
0
17
8
12
9
6
5
13
4
3
1
10
2
7
11
19
19
8
13
7
5
18
3
9
1
4
2
17
0
14
10
15
11
16
12
6
6
19
14
9
10
1
3
0
12
8
5
4
17
18
7
13
15
2
16
11
