12
12
3
7
10
9
13
4
14
6
5
18
11
19
16
1
8
15
0
2
17
17
13
9
11
2
4
16
12
14
1
3
6
8
7
5
15
10
18
0
19
19
0
9
16
2
13
1
17
4
8
12
6
15
3
18
7
14
11
10
5
5
0
13
11
17
14
16
3
4
1
12
18
8
10
6
2
7
19
15
9
9
0
4
19
12
13
16
17
6
1
7
18
15
14
5
8
2
10
3
11
11
0
14
19
2
6
17
12
4
15
7
16
8
3
1
9
5
10
13
18
18
2
9
19
17
5
1
10
4
0
12
11
8
13
15
6
14
7
3
16
16
0
6
19
3
13
8
17
18
1
4
5
2
11
12
10
7
9
14
15
15
2
14
0
3
5
16
7
4
17
10
11
1
13
19
9
18
12
8
6
6
0
5
19
7
13
17
3
14
8
9
1
15
4
11
18
16
10
12
2
2
0
18
17
7
11
3
12
19
10
16
9
15
8
1
14
13
5
6
4
4
2
5
17
9
8
14
12
16
15
13
0
7
1
18
3
19
11
6
10
10
0
11
15
12
1
5
3
8
16
13
14
17
19
4
9
2
18
6
7
7
0
16
19
13
2
12
17
1
6
9
3
15
5
4
18
10
8
11
14
14
2
19
8
4
6
3
10
1
16
18
9
12
5
7
17
0
15
11
13
13
12
9
17
2
1
19
6
18
4
7
8
0
10
15
16
11
5
14
3
3
0
1
2
16
14
9
4
12
15
18
19
5
11
7
6
13
10
17
8
8
5
9
7
2
3
17
15
19
1
11
16
4
10
14
18
13
6
12
0
0
17
16
6
11
9
10
19
14
4
13
3
2
8
18
5
12
7
15
1
1
0
8
19
18
14
10
2
15
17
11
4
3
9
6
16
5
13
7
12
