9
9
15
18
0
2
21
12
14
16
11
13
20
8
7
19
4
5
3
1
17
6
10
10
15
2
0
18
21
14
12
9
16
13
11
20
7
8
19
5
4
3
17
1
6
6
21
2
12
18
15
0
9
14
17
10
3
5
1
19
7
4
20
13
8
11
16
16
21
11
0
12
15
14
9
18
2
13
3
6
4
19
1
8
20
5
7
10
17
17
21
16
0
14
15
12
2
9
11
1
3
10
4
6
7
5
20
19
8
18
13
13
21
20
0
16
15
11
9
2
18
12
1
14
4
17
7
3
8
5
10
6
19
19
21
13
0
11
15
16
9
12
6
18
1
2
4
10
7
17
8
3
20
14
5
5
21
8
0
13
15
20
9
7
6
17
18
14
3
4
2
16
12
11
19
10
1
1
21
7
0
20
15
13
9
8
6
2
17
12
5
18
4
14
11
10
16
19
3
3
21
19
0
8
15
7
9
13
6
12
10
18
16
5
2
14
20
1
11
17
4
4
21
5
0
7
15
8
9
20
6
14
10
2
19
18
11
3
16
17
13
1
12
12
21
4
0
19
15
5
9
1
18
6
16
2
10
11
14
8
13
17
20
3
7
7
21
3
0
4
15
19
9
5
6
13
18
10
14
2
8
12
16
1
20
17
11
11
21
1
0
5
15
4
9
19
6
8
2
7
18
3
12
17
14
13
16
10
20
20
21
17
0
3
15
1
9
6
5
14
7
12
13
4
16
18
8
10
19
11
2
2
11
12
0
21
15
3
9
17
16
6
1
10
13
5
19
14
18
7
20
4
8
8
21
6
0
1
15
17
9
3
2
5
16
14
19
20
11
7
13
10
12
4
18
18
20
2
3
14
0
17
15
10
8
16
4
12
19
13
7
1
5
11
6
9
21
21
10
5
12
20
18
19
16
8
17
3
11
4
7
14
1
13
2
6
15
9
0
0
10
21
18
9
4
13
14
6
11
5
8
1
7
16
20
12
3
19
17
2
15
15
21
9
10
0
6
20
16
3
18
17
5
13
19
12
7
2
1
4
11
8
14
14
21
0
15
6
3
13
12
8
4
1
16
7
11
18
5
17
19
2
20
10
9
