11
11
14
16
4
10
3
13
17
6
5
9
12
7
15
1
18
2
19
0
8
8
3
10
12
0
13
15
11
17
1
14
6
18
16
5
2
4
9
19
7
7
19
10
15
0
3
1
8
13
18
11
6
2
14
9
16
17
12
4
5
5
19
3
12
8
17
15
14
13
1
11
9
18
4
6
0
16
7
2
10
10
19
13
7
11
3
15
8
6
1
16
9
2
17
5
18
0
4
14
12
12
19
17
7
0
6
8
11
13
2
16
15
18
14
1
10
5
4
3
9
9
0
10
7
8
5
1
4
13
19
11
12
18
3
2
6
17
16
14
15
15
19
6
7
14
3
18
8
9
1
13
5
0
12
11
4
16
10
17
2
2
0
17
19
14
5
15
16
13
8
4
12
1
3
7
10
9
11
18
6
6
19
5
7
16
3
8
14
17
18
10
1
2
13
12
9
15
4
11
0
0
19
9
8
16
12
14
11
7
4
15
10
2
18
1
17
3
5
6
13
13
0
5
8
10
18
17
11
15
2
3
19
16
1
9
14
7
12
6
4
4
19
12
2
11
1
5
14
18
15
3
17
8
7
13
10
0
9
6
16
16
19
15
7
3
0
11
8
1
6
10
14
2
5
13
9
4
18
12
17
17
0
7
18
13
6
14
4
1
15
9
10
11
5
16
8
19
2
12
3
3
11
10
8
0
1
7
6
9
13
16
18
19
4
2
15
12
5
17
14
14
19
1
0
15
17
10
13
11
2
9
7
5
12
16
6
3
4
8
18
18
5
10
16
0
14
8
2
7
1
12
15
13
4
17
9
3
6
11
19
19
8
15
6
12
10
4
7
17
13
3
14
0
18
9
5
11
16
2
1
1
19
18
7
9
17
4
0
2
8
12
13
14
10
6
15
5
3
16
11
