19
19
0
9
17
14
21
18
3
16
7
5
4
6
1
8
13
10
20
15
12
11
2
2
0
14
17
9
21
3
18
19
16
5
7
4
1
6
8
10
13
20
12
15
11
11
21
14
18
9
0
17
19
3
12
2
20
10
15
8
1
13
4
5
6
7
16
16
21
7
17
18
0
3
19
9
14
5
20
11
13
8
15
6
4
10
1
2
12
12
21
16
17
3
0
18
14
19
7
15
20
2
13
11
1
10
4
8
6
9
5
5
21
4
17
16
0
7
19
14
9
18
15
3
13
12
1
20
6
10
2
11
8
8
21
5
17
7
0
16
19
18
11
9
15
14
13
2
1
12
6
20
4
3
10
10
21
6
17
5
0
4
19
1
11
12
9
3
20
13
14
16
18
7
8
2
15
15
21
1
17
4
0
5
19
6
11
14
12
18
10
9
13
3
7
2
16
8
20
20
21
8
17
6
0
1
19
5
11
18
2
9
16
10
14
3
4
15
7
12
13
13
21
10
17
1
0
6
19
4
11
3
2
14
8
9
7
20
16
12
5
15
18
18
21
13
17
8
0
10
19
15
9
11
16
14
2
7
3
6
5
12
4
20
1
1
21
20
17
13
0
8
19
10
11
5
9
2
3
14
6
18
16
15
4
12
7
7
21
15
17
10
0
13
19
8
11
6
14
1
9
20
18
12
3
5
16
2
4
4
21
12
17
20
0
15
19
11
10
3
1
18
5
13
16
9
6
2
8
7
14
14
7
18
17
21
0
20
19
12
16
11
15
2
5
10
8
3
9
1
4
13
6
6
21
11
17
15
0
12
19
20
14
10
16
3
8
4
7
1
5
2
18
13
9
9
4
14
20
3
17
12
0
2
6
16
13
18
8
5
1
15
10
7
11
19
21
21
2
10
18
4
9
8
16
6
12
20
7
13
1
3
15
5
14
11
0
19
17
17
2
21
9
19
13
5
3
11
7
10
6
15
1
16
4
18
20
8
12
14
0
0
21
19
2
17
11
4
16
20
9
12
10
5
8
18
1
14
15
13
7
6
3
3
21
17
0
11
20
5
18
6
13
15
16
1
7
9
10
12
8
14
4
2
19
