17
17
1
7
11
14
8
15
10
12
5
18
13
9
16
4
3
2
0
19
6
6
8
14
13
19
15
16
17
10
4
1
12
3
7
5
2
11
18
0
9
9
0
14
16
19
8
4
6
15
3
17
12
2
1
18
7
10
13
11
5
5
0
8
13
6
10
16
1
15
4
17
18
3
11
12
19
7
9
2
14
14
0
15
9
17
8
16
6
12
4
7
18
2
10
5
3
19
11
1
13
13
0
10
9
19
12
6
17
15
2
7
16
3
1
4
14
5
11
8
18
18
19
14
9
6
5
4
11
15
0
17
13
3
8
2
12
10
7
1
16
16
0
12
9
1
8
3
6
18
4
15
5
19
13
17
11
7
14
10
2
2
19
10
0
1
5
16
7
15
6
11
13
4
8
9
14
18
17
3
12
12
0
5
9
7
8
6
1
10
3
14
4
2
15
13
18
16
11
17
19
19
0
18
6
7
13
1
17
9
11
16
14
2
3
4
10
8
5
12
15
15
19
5
6
14
3
10
17
16
2
8
0
7
4
18
1
9
13
12
11
11
0
13
2
17
4
5
1
3
16
8
10
6
9
15
14
19
18
12
7
7
0
16
9
8
19
17
6
4
12
14
1
2
5
15
18
11
3
13
10
10
19
9
3
15
12
1
11
4
16
18
14
17
5
7
6
0
2
13
8
8
17
14
6
19
4
9
12
18
15
7
3
0
11
2
16
13
5
10
1
1
0
4
19
16
10
14
15
17
2
18
9
5
13
7
12
8
11
6
3
3
5
14
7
19
1
6
2
9
4
13
16
15
11
10
18
8
12
17
0
0
6
16
12
13
14
11
9
10
15
8
1
19
3
18
5
17
7
2
4
4
0
3
9
18
10
11
19
2
6
13
15
1
14
12
16
5
8
7
17
