11
11
1
17
5
9
8
6
18
10
2
16
14
19
15
12
7
13
0
3
4
4
8
9
14
3
6
15
11
18
12
1
10
7
17
2
13
5
16
0
19
19
0
9
15
3
8
12
4
6
7
11
10
13
1
16
17
18
14
5
2
2
0
8
14
4
18
15
1
6
12
11
16
7
5
10
3
17
19
13
9
9
0
6
19
11
8
15
4
10
12
17
16
13
18
2
7
3
5
1
14
14
0
18
19
3
10
4
11
6
13
17
15
7
1
12
9
2
5
8
16
16
3
9
19
4
2
12
5
6
0
11
14
7
8
13
10
18
17
1
15
15
0
10
19
1
8
7
4
16
12
6
2
3
14
11
5
17
9
18
13
13
3
18
0
1
2
15
17
6
4
5
14
12
8
19
9
16
11
7
10
10
0
2
19
17
8
4
1
18
7
9
12
13
6
14
16
15
5
11
3
3
0
16
4
17
14
1
11
19
5
15
9
13
7
12
18
8
2
10
6
6
3
2
4
9
7
18
11
15
13
8
0
17
12
16
1
19
14
10
5
5
0
14
13
11
12
2
1
7
15
8
18
4
19
6
9
3
16
10
17
17
0
15
19
8
3
11
4
12
10
9
1
13
2
6
16
5
7
14
18
18
3
19
7
6
10
1
5
12
15
16
9
11
2
17
4
0
13
14
8
8
11
9
4
3
12
19
10
16
6
17
7
0
5
13
15
14
2
18
1
1
0
12
3
15
18
9
6
11
13
16
19
2
14
17
10
8
5
4
7
7
2
9
17
3
1
4
13
19
12
14
15
6
5
18
16
8
10
11
0
0
4
15
10
14
9
5
19
18
6
8
1
3
7
16
2
11
17
13
12
12
0
7
19
16
18
5
3
13
4
14
6
1
9
10
15
2
8
17
11
