3
3
17
18
0
19
21
4
14
9
20
5
10
11
13
6
15
7
16
12
8
1
2
2
17
19
0
18
21
14
4
3
9
5
20
10
13
11
6
7
15
16
8
12
1
1
21
19
4
18
17
0
3
14
8
2
16
7
12
6
13
15
10
5
11
20
9
9
21
20
0
4
17
14
3
18
19
5
16
1
15
6
12
11
10
7
13
2
8
8
21
9
0
14
17
4
19
3
20
12
16
2
15
1
13
7
10
6
11
18
5
5
21
10
0
9
17
20
3
19
18
4
12
14
15
8
13
16
11
7
2
1
6
6
21
5
0
20
17
9
3
4
1
18
12
19
15
2
13
8
11
16
10
14
7
7
21
11
0
5
17
10
3
13
1
8
18
14
16
15
19
9
4
20
6
2
12
12
21
13
0
10
17
5
3
11
1
19
8
4
7
18
15
14
20
2
9
6
16
16
21
6
0
11
17
13
3
5
1
4
2
18
9
7
19
14
10
12
20
8
15
15
21
7
0
13
17
11
3
10
1
14
2
19
6
18
20
16
9
8
5
12
4
4
21
15
0
6
17
7
3
12
18
1
9
19
2
20
14
11
5
8
10
16
13
13
21
16
0
15
17
6
3
7
1
5
18
2
14
19
11
4
9
12
10
8
20
20
21
12
0
7
17
15
3
6
1
11
19
13
18
16
4
8
14
5
9
2
10
10
21
8
0
16
17
12
3
1
7
14
13
4
5
15
9
18
11
2
6
20
19
19
20
4
0
21
17
16
3
8
9
1
12
2
5
7
6
14
18
13
10
15
11
11
21
1
0
12
17
8
3
16
19
7
9
14
6
10
20
13
5
2
4
15
18
18
10
19
16
14
0
8
17
2
11
9
15
4
6
5
13
12
7
20
1
3
21
21
2
7
4
10
18
6
9
11
8
16
20
15
13
14
12
5
19
1
17
3
0
0
2
21
18
3
15
5
14
1
20
7
11
12
13
9
10
4
16
6
8
19
17
17
21
3
2
0
1
10
9
16
18
8
7
5
6
4
13
19
12
15
20
11
14
14
21
0
17
1
16
5
4
11
15
12
9
13
20
18
7
8
6
19
10
2
3
