9
9
7
14
16
12
18
5
4
2
6
15
3
11
8
17
1
10
0
19
13
13
18
12
3
19
5
8
9
4
17
7
2
1
14
6
10
16
15
0
11
11
0
12
8
19
18
17
13
5
1
9
2
10
7
15
14
4
3
16
6
6
0
18
3
13
4
8
7
5
17
9
15
1
16
2
19
14
11
10
12
12
0
5
11
9
18
8
13
2
17
14
15
10
4
6
1
19
16
7
3
3
0
4
11
19
2
13
9
5
10
14
8
1
7
17
12
6
16
18
15
15
19
12
11
13
6
17
16
5
0
9
3
1
18
10
2
4
14
7
8
8
0
2
11
7
18
1
13
15
17
5
6
19
3
9
16
14
12
4
10
10
19
4
0
7
6
8
14
5
13
16
3
17
18
11
12
15
9
1
2
2
0
6
11
14
18
13
7
4
1
12
17
10
5
3
15
8
16
9
19
19
0
15
13
14
3
7
9
11
16
8
12
10
1
17
4
18
6
2
5
5
19
6
13
12
1
4
9
8
10
18
0
14
17
15
7
11
3
2
16
16
0
3
10
9
17
6
7
1
8
18
4
13
11
5
12
19
15
2
14
14
0
8
11
18
19
9
13
17
2
12
7
10
6
5
15
16
1
3
4
4
19
11
1
5
2
7
16
17
8
15
12
9
6
14
13
0
10
3
18
18
9
12
13
19
17
11
2
15
5
14
1
0
16
10
8
3
6
4
7
7
0
17
19
8
4
12
5
9
10
15
11
6
3
14
2
18
16
13
1
1
6
12
14
19
7
13
10
11
17
3
8
5
16
4
15
18
2
9
0
0
13
8
2
3
12
16
11
4
5
18
7
19
1
15
6
9
14
10
17
17
0
1
11
15
4
16
19
10
13
3
5
7
12
2
8
6
18
14
9
