12
12
10
13
0
2
21
1
11
14
17
8
6
16
20
19
18
15
9
3
5
7
4
4
10
2
0
13
21
11
1
12
14
8
17
6
20
16
19
15
18
9
5
3
7
7
21
2
1
13
10
0
12
11
5
4
9
15
3
19
20
18
6
8
16
17
14
14
21
17
0
1
10
11
12
13
2
8
9
7
18
19
3
16
6
15
20
4
5
5
21
14
0
11
10
1
2
12
17
3
9
4
18
7
20
15
6
19
16
13
8
8
21
6
0
14
10
17
12
2
13
1
3
11
18
5
20
9
16
15
4
7
19
19
21
8
0
17
10
14
12
1
7
13
3
2
18
4
20
5
16
9
6
11
15
15
21
16
0
8
10
6
12
20
7
5
13
11
9
18
2
14
1
17
19
4
3
3
21
20
0
6
10
8
12
16
7
2
5
1
15
13
18
11
17
4
14
19
9
9
21
19
0
16
10
20
12
8
7
1
4
13
14
15
2
11
6
3
17
5
18
18
21
15
0
20
10
16
12
6
7
11
4
2
19
13
17
9
14
5
8
3
1
1
21
18
0
19
10
15
12
3
13
7
14
2
4
17
11
16
8
5
6
9
20
20
21
9
0
18
10
19
12
15
7
8
13
4
11
2
16
1
14
3
6
5
17
17
21
3
0
15
10
18
12
19
7
16
2
20
13
9
1
5
11
8
14
4
6
6
21
5
0
9
10
3
12
7
15
11
20
1
8
18
14
13
16
4
19
17
2
2
17
1
0
21
10
9
12
5
14
7
3
4
8
15
19
11
13
20
6
18
16
16
21
7
0
3
10
5
12
9
2
15
14
11
19
6
17
20
8
4
1
18
13
13
6
2
9
11
0
5
10
4
16
14
18
1
19
8
20
3
15
17
7
12
21
21
4
15
1
6
13
19
14
16
5
9
17
18
20
11
3
8
2
7
10
12
0
0
4
21
13
12
18
8
11
7
17
15
16
3
20
14
6
1
9
19
5
2
10
10
21
12
4
0
7
6
14
9
13
5
15
8
19
1
20
2
3
18
17
16
11
11
21
0
10
7
9
8
1
16
18
3
14
20
17
13
15
5
19
2
6
4
12
