18
18
15
4
13
8
7
6
3
10
17
16
14
9
2
12
5
1
0
19
11
11
7
8
14
19
6
2
18
3
12
15
10
5
4
17
1
13
16
0
9
9
0
8
2
19
7
12
11
6
5
18
10
1
15
16
4
3
14
13
17
17
0
7
14
11
3
2
15
6
12
18
16
5
13
10
19
4
9
1
8
8
0
6
9
18
7
2
11
10
12
4
16
1
3
17
5
19
13
15
14
14
0
3
9
19
10
11
18
6
1
4
2
5
15
12
8
17
13
7
16
16
19
8
9
11
17
12
13
6
0
18
14
5
7
1
10
3
4
15
2
2
0
10
9
15
7
5
11
16
12
6
17
19
14
18
13
4
8
3
1
1
19
3
0
15
17
2
4
6
11
13
14
12
7
9
8
16
18
5
10
10
0
17
9
4
7
11
15
3
5
8
12
1
6
14
16
2
13
18
19
19
0
16
11
4
14
15
18
9
13
2
8
1
5
12
3
7
17
10
6
6
19
17
11
8
5
3
18
2
1
7
0
4
12
16
15
9
14
10
13
13
0
14
1
18
12
17
15
5
2
7
3
11
9
6
8
19
16
10
4
4
0
2
9
7
19
18
11
12
10
8
15
1
17
6
16
13
5
14
3
3
19
9
5
6
10
15
13
12
2
16
8
18
17
4
11
0
1
14
7
7
18
8
11
19
12
9
10
16
6
4
5
0
13
1
2
14
17
3
15
15
0
12
19
2
3
8
6
18
1
16
9
17
14
4
10
7
13
11
5
5
17
8
4
19
15
11
1
9
12
14
2
6
13
3
16
7
10
18
0
0
11
2
10
14
8
13
9
3
6
7
15
19
5
16
17
18
4
1
12
12
0
5
9
16
3
13
19
1
11
14
6
15
8
10
2
17
7
4
18
