9.000492827697870180e-01
8.983241686628842260e-01
8.973569350629897468e-01
8.972398496948186253e-01
8.941223004444587286e-01
8.941163285342978995e-01
8.939941520136711617e-01
8.939720474748793499e-01
8.939338691795681857e-01
8.929259225013549406e-01
8.928852015734212166e-01
8.928851878365954287e-01
8.928766752562159459e-01
8.928656278928296386e-01
8.928274299734808572e-01
8.927239032028595478e-01
8.926942217886975062e-01
8.926721270619241144e-01
8.926449882803846325e-01
8.922605214015815189e-01
8.916260060132071841e-01
8.915631766216742804e-01
8.915521449575175561e-01
8.910751770850388054e-01
8.909801570075845945e-01
8.899280346126512420e-01
8.898626880997446698e-01
8.898330027607751491e-01
8.898159717128055757e-01
8.897948028790231279e-01
8.897913402406215644e-01
8.897455595586915011e-01
8.896717142022319003e-01
8.887180627487314410e-01
8.886798667917867878e-01
8.885788492929240778e-01
8.885627657243858613e-01
8.885245638802297119e-01
8.885110052826807880e-01
8.884863718480924266e-01
8.884838429522963210e-01
8.884566963211417701e-01
8.884210410344155484e-01
8.884134347229898365e-01
8.883964075998277421e-01
8.883335978323320115e-01
8.883174985645642119e-01
8.881732449787976824e-01
8.870854457106971402e-01
8.870778531360971053e-01
8.870065229386077110e-01
8.869768415244456694e-01
8.869683309064704257e-01
8.869658078978852611e-01
8.869411764257008057e-01
8.869276099785367018e-01
8.868919468421955221e-01
8.868673232196260248e-01
8.860579292766995740e-01
8.859247309039347540e-01
8.857337530816146165e-01
8.856904836338475029e-01
8.856845058364755108e-01
8.856684006814966592e-01
8.856251685194002077e-01
8.855623332406564741e-01
8.855512858772697227e-01
8.855437148891106558e-01
8.855105727989508457e-01
8.854970024269791518e-01
8.854723611427764984e-01
8.854477610690516531e-01
8.853909251741204356e-01
8.845161925679019266e-01
8.842327451503653180e-01
8.841427652028707174e-01
8.841156205341198504e-01
8.840663850634031817e-01
8.840222034594720224e-01
8.840010503249190466e-01
8.830006824844797153e-01
8.828810348596489721e-01
8.828700110451070948e-01
8.827011142127340060e-01
8.825508671303661234e-01
8.825483421593772748e-01
8.824337464389281349e-01
8.813740589430466565e-01
8.813519465546402198e-01
8.813307914576835600e-01
8.811474160219819884e-01
8.810770038678679139e-01
8.810056775951856656e-01
8.800138262599329630e-01
8.797278460217926588e-01
8.797142756498208538e-01
8.794926964075595599e-01
8.781419453706970080e-01
8.769234609263979463e-01
8.709768911836517358e-01
