16
0
6
10
19
4
14
5
15
17
7
13
18
9
3
12
1
8
2
20
11
11
12
15
1
0
17
8
6
7
2
10
13
20
19
9
16
4
3
5
14
18
18
0
15
12
6
17
1
10
7
8
19
13
2
4
9
20
14
11
16
5
3
3
0
7
12
10
15
8
4
17
2
6
13
1
19
18
20
5
11
14
16
9
9
0
13
12
19
15
2
14
17
20
6
18
1
4
7
11
5
16
10
3
8
8
0
18
12
4
15
20
10
17
11
6
9
1
14
13
16
19
3
7
5
2
2
0
9
12
14
15
11
10
18
8
5
7
16
6
3
1
13
19
17
4
20
20
0
3
2
19
7
1
6
12
16
14
9
8
15
10
4
5
13
11
18
17
17
0
12
8
10
9
2
5
18
11
19
1
20
15
16
7
4
13
14
3
6
6
0
1
12
5
9
10
14
7
20
4
18
2
15
13
8
3
16
11
17
19
19
0
8
12
17
13
6
4
1
2
7
18
16
15
9
11
20
3
14
10
5
5
0
2
12
7
17
16
13
9
6
19
8
1
15
3
11
4
10
20
18
14
14
0
20
12
13
17
6
5
1
11
15
18
10
8
9
7
19
16
2
3
4
4
0
11
1
5
17
12
18
7
6
14
8
20
9
19
10
2
16
3
13
15
15
6
16
12
9
4
8
14
2
17
10
11
0
5
19
20
1
7
3
18
13
13
10
16
1
17
18
6
8
7
0
19
11
3
15
14
20
2
9
5
4
12
12
3
10
1
9
14
6
2
13
4
11
8
17
15
0
16
18
19
5
20
7
7
10
12
2
18
3
17
5
6
15
4
19
14
1
16
20
8
11
9
13
0
0
10
6
20
13
3
9
17
14
4
16
8
18
5
12
11
7
15
19
2
1
1
3
20
16
17
9
18
15
7
14
19
12
0
4
6
11
2
8
13
5
10
10
0
14
12
20
17
3
19
6
1
18
4
2
11
13
7
9
15
5
8
16
16
0
13
17
4
12
5
15
11
8
14
18
20
19
2
9
3
6
7
1
10
10
9
11
3
0
8
6
13
14
7
17
18
1
4
19
16
12
2
15
5
20
20
0
11
9
13
8
3
17
14
6
4
18
7
12
19
1
5
10
16
15
2
2
0
14
9
17
11
6
12
8
7
13
18
3
4
20
1
15
10
5
16
19
19
0
18
9
4
11
7
5
8
1
13
20
3
12
14
10
15
16
17
2
6
6
0
20
9
12
11
1
17
8
10
13
19
3
5
18
16
4
2
14
15
7
7
0
19
9
5
11
10
17
20
6
15
14
16
13
2
3
18
4
8
12
1
1
0
2
7
4
14
3
13
9
16
5
19
6
11
17
12
15
18
10
20
8
8
0
9
6
17
19
7
15
20
10
4
3
1
11
16
14
12
18
5
2
13
13
0
3
9
15
19
17
5
14
1
12
20
7
11
18
6
2
16
10
8
4
4
0
6
9
8
18
13
12
3
7
14
20
16
11
19
10
1
2
5
17
15
15
0
7
9
14
8
16
18
19
13
4
6
3
11
2
10
12
17
1
20
5
5
0
1
9
18
8
13
15
3
10
11
20
17
6
19
14
4
16
7
2
12
12
0
10
3
15
8
9
20
14
13
5
6
1
19
4
17
7
16
2
18
11
11
13
16
9
19
12
6
5
7
8
17
10
0
15
4
1
3
14
2
20
18
18
17
16
3
8
20
13
6
14
0
4
10
2
11
5
1
7
19
15
12
9
9
2
17
3
19
5
13
7
18
12
10
6
8
11
0
16
20
4
15
1
14
14
17
9
7
20
2
8
15
13
11
12
4
5
3
16
1
6
10
19
18
0
0
17
13
1
18
2
19
8
5
12
16
6
20
15
9
10
14
11
4
7
3
3
2
1
16
8
19
20
11
14
5
4
9
0
12
13
10
7
6
18
15
17
17
0
5
9
1
8
2
4
13
3
20
12
7
10
18
14
19
11
15
6
16
