7
0
1
10
14
18
20
6
15
3
16
2
17
4
11
5
13
8
9
19
12
12
5
15
13
0
3
8
1
16
9
10
2
19
14
4
7
18
11
6
20
17
17
0
15
5
1
3
13
10
16
8
14
2
9
18
4
19
20
12
7
6
11
11
0
16
5
10
15
8
18
3
9
1
2
13
14
17
19
6
12
20
7
4
4
0
2
5
14
15
9
20
3
19
1
17
13
18
16
12
6
7
10
11
8
8
0
17
5
18
15
19
10
3
12
1
4
13
20
2
7
14
11
16
6
9
9
0
4
5
20
15
12
10
17
8
6
16
7
1
11
13
2
14
3
18
19
19
0
11
9
14
16
13
1
5
7
20
4
8
15
10
18
6
2
12
17
3
3
0
5
8
10
4
9
6
17
12
14
13
19
15
7
16
18
2
20
11
1
1
0
13
5
6
4
10
20
16
19
18
17
9
15
2
8
11
7
12
3
14
14
0
8
5
3
2
1
18
13
9
16
17
7
15
4
12
19
11
20
10
6
6
0
9
5
16
3
7
2
4
1
14
8
13
15
11
12
18
10
19
17
20
20
0
19
5
2
3
1
6
13
12
15
17
10
8
4
16
14
7
9
11
18
18
0
12
13
6
3
5
17
16
1
20
8
19
4
14
10
9
7
11
2
15
15
1
7
5
4
18
8
20
9
3
10
12
0
6
14
19
13
16
11
17
2
2
10
7
13
3
17
1
8
16
0
14
12
11
15
20
19
9
4
6
18
5
5
11
10
13
4
20
1
9
2
18
12
8
3
15
0
7
17
14
6
19
16
16
10
5
9
17
11
3
6
1
15
18
14
20
13
7
19
8
12
4
2
0
0
10
1
19
2
11
4
3
20
18
7
8
17
6
5
12
16
15
14
9
13
13
11
19
7
3
4
17
15
16
20
14
5
0
18
1
12
9
8
2
6
10
10
0
20
5
19
3
11
14
1
13
17
18
9
12
2
16
4
15
6
8
7
7
0
9
2
1
14
6
4
10
19
13
15
20
3
11
8
5
18
12
16
17
17
8
10
5
0
19
18
9
13
12
2
15
16
1
3
7
14
11
4
6
20
20
0
10
8
9
19
5
2
13
18
1
15
12
14
3
16
6
17
7
4
11
11
0
13
8
2
10
18
14
19
12
9
15
5
1
20
16
4
17
6
7
3
3
0
15
8
1
10
12
6
19
16
9
20
5
14
13
17
4
7
2
11
18
18
0
20
8
14
10
16
2
19
17
9
3
5
6
15
7
1
11
13
4
12
12
0
3
8
6
10
17
2
20
18
4
13
7
9
11
5
15
1
19
14
16
16
0
11
12
1
13
5
9
8
7
6
3
18
10
2
14
4
15
17
20
19
19
0
8
18
2
3
12
4
20
17
1
5
16
10
7
13
14
15
6
11
9
9
0
5
8
4
3
2
6
13
16
14
20
12
10
15
18
11
7
17
19
1
1
0
18
8
19
15
9
14
5
12
13
20
7
10
3
17
16
11
6
2
4
4
0
12
8
13
19
7
15
3
9
1
18
5
10
11
17
14
2
16
20
6
6
0
16
8
15
19
9
4
5
17
10
20
2
18
3
13
1
7
12
11
14
14
0
17
5
4
19
8
20
13
9
6
18
16
3
1
2
12
7
11
15
10
10
9
7
8
3
14
18
6
12
19
2
17
0
4
1
16
5
13
11
20
15
15
2
7
5
19
20
9
18
13
0
1
17
11
10
6
16
12
3
4
14
8
8
11
2
5
3
6
9
12
15
14
17
18
19
10
0
7
20
1
4
16
13
13
2
8
12
20
11
19
4
9
10
14
1
6
5
7
16
18
17
3
15
0
0
2
9
16
15
11
3
19
6
14
7
18
20
4
8
17
13
10
1
12
5
5
11
16
7
19
3
20
10
13
6
1
8
0
14
9
17
12
18
15
4
2
2
0
6
8
16
19
11
1
9
5
20
14
12
17
15
13
3
10
4
18
7
